	ATG	GTC	GGT	CAG	GAG	CAA	CTG	TCG	TCA	CCA	TTA	TGC	CAT	AGT	GAC	AAT	GAA	ACA	ACG	AAA	CGG	TGT	TCC	GTT	ATT	TGG	CTA	GCC	TTT	ATA	GCT	GAT	CCG	AGC	CTC	CGC	AAC	GTG	CAC	TTG	GTA	GCG	GCA	ATC	CGA	GGC	CGT	TAC	ACC	CCT	ACT	TTC	AAG	TAT	GGA	CTT	CCC	TCT	GGG	AGA	AGG	TAA	TGA	TAG	
ATG	0.283135	-0.624249	0.685325	0.033933	1.529750	-0.263343	1.355753	0.425812	-0.053134	0.861261	0.916714	-0.509599	0.775445	0.271693	-0.274971	-0.133915	-0.250976	-0.619513	0.229689	-0.496712	1.038402	-0.266037	0.099248	-0.451899	1.006048	0.058558	0.580793	-0.680227	0.393302	0.028509	-0.504213	-0.054478	-0.350450	1.244568	-1.331445	-0.309091	0.518941	0.266779	-1.799482	0.690597	-0.557350	1.333666	0.257998	1.066749	0.977826	0.613258	-0.328580	-0.300698	-0.416140	-0.439180	-1.308629	0.476185	0.245326	-0.167524	0.833587	-1.846902	-0.603145	0.206546	0.506007	2.026232	1.926578	-1.000000	-1.000000	0.139216	
GTC	-1.776630	-1.005609	-1.601889	-0.626280	-1.282801	-2.458332	-0.096976	-1.312038	-2.529831	-1.426039	-1.370051	-0.794411	-0.682691	-1.451181	-0.779102	-0.245742	-0.587521	-1.373081	-0.259515	-1.422002	0.115612	-0.947502	-0.854948	-0.655840	-0.998218	-1.850531	-3.146980	-1.685589	0.777053	-1.179326	-1.061389	-1.449881	-1.064036	-0.488009	-1.604373	-0.726426	0.346204	-1.170510	-1.515434	-1.808298	-2.326832	-2.728747	-0.874990	-0.253451	-0.739577	-0.540218	-0.712086	-0.902907	-0.077950	0.454986	-1.317500	-0.132340	-1.258466	-1.007604	-0.852907	0.234291	0.226947	-1.641343	-2.024525	-1.710774	-2.210877	0.770225	0.744412	0.139216	
GGT	-0.579899	1.292929	-0.023693	-0.962301	0.307891	-0.851671	1.309833	-0.590167	1.034560	2.713873	0.924334	1.262385	0.633700	1.589099	1.777755	0.982416	0.352029	2.108660	-0.399708	0.284240	-1.536422	1.180215	1.333378	0.112680	1.134768	-0.174471	-0.825317	0.807868	1.564073	0.013160	1.422775	0.846509	1.271733	1.079798	0.892181	-0.224199	2.145666	-0.774633	2.172366	-0.648703	0.116019	0.599573	0.523413	0.921187	-0.553960	0.607484	0.492910	1.500003	1.685329	0.862129	0.490559	1.396417	-2.357442	-0.181942	-1.632842	0.914938	0.938416	1.213285	-0.872509	-0.973809	-1.450335	-1.000000	2.551783	-1.000000	
CAG	1.633528	-0.233044	0.294860	0.140594	1.573564	0.497241	-1.331813	1.432012	0.272523	1.187757	0.822394	1.962577	1.985577	1.275358	2.009557	1.286977	0.448983	1.181483	1.503487	0.977114	2.011798	2.423363	1.269173	0.663645	1.553808	1.714063	2.542210	-0.351391	0.103616	-0.333303	1.038042	0.312585	1.231904	1.616523	0.237035	1.115555	1.111353	1.163957	0.774429	0.964910	0.594100	1.406424	0.260832	0.696893	-0.750731	-0.548554	2.666725	-0.053208	0.684567	-0.536073	1.178293	1.238127	1.850747	1.234497	1.960869	-0.200556	0.314404	0.606501	2.227105	-0.663443	0.104641	-1.000000	-1.000000	-1.000000	
GAG	-0.005142	0.331618	1.177427	0.206065	-0.906263	0.145972	-0.542549	-1.924639	-0.375617	-0.049913	-1.647544	-0.718893	-0.338389	0.451567	-0.497006	-0.547582	1.166602	-1.056004	-1.244336	0.862528	-0.016521	0.561771	-0.509950	-0.073402	0.117174	-0.692962	-2.064537	0.199874	-1.117789	-1.110922	0.741678	0.959474	-0.206653	-0.472257	-0.687558	-0.856629	-0.942869	-0.142151	1.294834	-2.642913	0.609975	-0.467929	0.833894	-1.017262	0.729810	0.291270	-0.658238	-1.497400	1.249797	0.589605	0.441347	-1.868017	1.000000	0.057528	1.638954	1.957402	-1.322438	-0.954244	-0.343554	1.791743	-0.291758	-1.000000	-1.000000	-1.000000	
CAA	0.723403	-2.232827	-2.877283	1.185196	1.616333	0.607772	1.325384	0.784289	0.411752	4.962438	-0.528442	3.535605	2.633465	-0.481187	-2.474897	-0.252013	-0.212879	1.481168	-0.360112	-0.300683	0.156634	-1.959948	-0.933234	-2.378971	-1.486285	1.082131	1.085520	-2.030188	-0.112750	-1.747153	-1.439935	-1.211968	0.662387	-0.796180	-2.647115	-2.209609	2.173526	-0.263561	-0.893508	0.187654	0.909661	1.463239	0.388105	-3.386302	0.755363	-4.285721	-2.237368	-1.591935	-1.755206	-2.483641	-0.265600	-2.063151	0.434535	0.469052	-1.361046	-2.048576	-2.773075	-0.753959	1.132339	-0.022772	0.204195	-1.000000	-1.000000	-1.000000	
CTG	1.313273	0.309398	2.481067	1.388324	2.568765	2.521190	1.709231	3.117732	2.781856	2.859656	2.156176	2.397303	1.841973	1.735355	1.637145	1.524570	1.387578	1.932225	3.362028	3.068154	1.830759	1.564061	1.821704	0.246515	1.800501	2.144540	2.210394	3.061563	0.922938	1.607148	0.964104	2.685649	2.413959	1.276091	-0.746378	2.978018	2.145825	2.604804	1.435856	3.056677	3.021537	3.887971	3.237895	0.814469	3.073242	1.374639	2.276521	2.176890	1.170726	2.216787	2.146695	3.440795	4.682940	2.666164	0.784900	0.651904	-0.925091	1.737075	2.056069	2.196157	3.308642	-1.000000	0.551767	1.817242	
TCG	-1.495706	-2.688479	-0.963557	-2.078058	-2.186469	-1.908313	-2.472491	-1.952632	-0.705542	-2.894607	-0.740563	-2.373504	-2.495644	-1.408676	-2.684007	-3.497072	-1.816799	-1.506000	-1.476860	-1.172407	-3.036268	-1.073358	-2.268550	-0.429955	-2.119358	-1.189374	-1.754864	-1.769666	-1.627416	-1.311820	-1.705866	-3.001261	-1.991631	-3.156049	-0.045891	-2.455496	-2.751315	-1.494144	-1.830548	-0.857200	1.079566	-2.156727	-2.063836	-1.449287	-2.569656	-2.140175	-1.687525	-3.145194	-0.910148	-1.644143	-1.210184	-2.462188	0.590999	-2.114536	0.577516	1.595162	0.870888	-0.455423	-2.831880	1.000000	-2.992232	-1.000000	-1.000000	-1.000000	
TCA	-2.217020	-3.259974	0.729529	-1.073881	-1.905416	-1.636437	-2.214615	-1.465544	-0.604441	-1.316915	-1.062579	-0.817506	-1.479282	-0.499427	-1.589306	-1.224054	-0.804455	-0.134242	-1.718946	-1.338399	-3.036268	-0.172935	-0.637643	-0.370095	-0.785299	-0.697422	-1.810017	-1.298036	-0.293386	-1.014337	-0.270515	-2.423505	-1.468081	-2.603299	0.405559	-2.296953	-2.251779	-3.428062	-1.797495	-0.045235	-1.405848	-2.876688	-2.165210	-1.683081	-2.270271	-2.105229	-1.320479	-1.584875	-1.808717	0.084032	-0.960731	-1.178503	1.115587	-1.520133	-0.576862	-0.681227	0.034197	-0.552596	-2.708951	-2.295893	-0.725402	-1.000000	-1.000000	-1.000000	
CCA	-0.881027	-3.473392	-2.003843	-0.439724	-0.660376	-0.279044	-1.434811	1.282613	0.755311	-0.814932	-0.876665	-1.070334	-0.982237	-0.764136	-1.797760	0.017075	-2.429449	0.397790	0.944072	-1.235385	-1.147363	-1.147429	-1.180764	-1.980230	-1.490658	0.270154	0.401319	-2.300157	-2.653350	-1.007311	-2.359649	-0.915845	0.115746	-1.456657	-2.746748	-0.678907	-1.218365	-0.921562	-0.973406	1.201672	-0.893929	-0.145866	-0.504132	0.339971	-0.515268	-2.309905	-1.411544	-0.731380	-0.643365	-0.851281	-0.183301	-2.124486	1.676997	-1.538110	0.513490	-1.161144	-2.943329	-0.946523	0.434906	-0.836193	0.789075	-1.000000	0.381842	1.554207	
TTA	-0.279038	-0.965495	-0.127488	-0.486354	-0.008946	1.094459	-1.439869	0.355417	2.141781	-0.495634	0.422882	-1.441714	0.083204	-0.260858	-1.335227	0.272505	-0.814013	0.417014	0.426310	2.417513	0.265354	1.555014	-1.637700	-0.391390	-0.664376	0.083684	0.388896	0.031781	0.291512	0.605316	-0.930215	-0.283628	0.131932	0.097013	0.253537	0.110916	-1.784155	0.471773	-0.271943	2.206334	3.393148	1.140706	0.560980	-2.490033	2.075576	-0.217185	1.000000	-2.017997	1.206485	-0.108613	0.776092	-2.691088	1.000000	1.894861	2.008177	0.410895	-0.885610	2.993679	1.197885	1.611194	0.926578	-1.000000	1.966817	-3.321928	
TGC	-1.781529	-1.276543	-1.297051	-2.309146	-1.376530	-1.599002	-2.580459	-3.309938	-1.876309	-2.122764	-1.878558	-1.145898	-1.726245	-0.858845	-1.266497	-2.124405	-2.333487	-2.860115	-6.179239	-1.115314	-4.206236	-0.871750	-0.830394	-1.059564	-1.967267	-2.056832	-1.114789	-0.769702	-2.572945	-2.415859	-1.445696	-1.245999	-1.797030	-2.236835	-0.503589	-1.449883	-1.894194	-2.965403	-0.742135	-1.726547	-1.883981	-2.815663	-2.977966	-1.439749	-1.591956	-0.478326	-2.526940	-0.607134	-1.128736	-2.261203	-2.244557	-0.893126	-2.287657	-0.620583	-1.000481	-1.182877	-0.743273	-2.208532	-2.816016	-2.880923	-4.340126	0.895783	-1.000000	-1.000000	
CAT	-0.428515	-0.903496	2.377019	0.093727	-0.756554	0.784988	-1.133329	-0.308138	-0.510488	-1.106224	-0.517747	-0.351165	-0.553362	0.567079	-0.987505	-0.136567	-0.121625	-0.859031	-0.385519	-1.499998	-0.732440	1.685099	-0.415311	-0.008292	-0.118723	0.404165	0.897306	-0.351391	-0.976577	-0.518224	-0.911027	-1.570207	-0.230608	0.484010	-0.483387	-0.203615	-0.563053	0.376905	0.016609	0.908332	-0.593989	-0.566258	-1.474809	-0.929356	1.087443	-0.963666	-0.045830	0.476943	-0.420730	-0.920729	0.319308	-1.741119	1.472354	0.599386	1.276365	0.614337	-1.410483	-0.638133	0.564586	-0.421312	1.554609	-1.000000	1.966836	-1.000000	
AGT	-1.372490	-0.704707	-1.716299	-2.204788	-2.077479	-1.187743	-2.508922	-3.303009	-2.833299	-2.336809	-0.846828	-1.749084	-2.075444	-2.074559	-1.479499	-2.703045	-1.167638	-3.211194	-4.571198	-2.249126	-2.183963	-2.887449	-0.163786	-2.682773	-2.685070	-1.293190	-1.440167	-0.678033	-1.179784	-1.655788	-5.868557	-2.110065	-3.419290	-1.100994	-1.512956	-0.924855	-1.703238	-2.206984	-1.045511	-1.730415	-1.974862	-1.723427	-1.908454	-1.240200	-4.855188	-0.877508	-1.895662	-1.494130	-2.339632	-6.805885	-4.642667	-1.128969	-2.448348	-2.675373	-1.483637	-2.751686	-0.733624	-4.614953	-2.687490	-0.772168	-0.755163	-1.000000	0.092335	-0.718761	
GAC	-0.025471	0.452124	0.141092	0.098944	-2.299937	-1.957234	-1.417359	-2.185407	-1.036865	-0.811806	-2.639028	0.467436	0.062003	0.243019	-0.413041	-0.223938	-0.441537	-1.024098	0.067784	-0.001047	-2.407960	1.734017	-0.299855	0.033485	0.084500	-0.763054	-3.410503	1.782856	-0.237404	-1.433602	1.085428	0.373468	-0.343147	0.103862	2.547185	-0.072054	-0.521452	-0.917255	1.565979	-2.009302	0.479494	-1.311071	-0.241098	0.244271	-0.829543	0.697097	-0.585400	0.461330	1.645808	-0.105121	1.047825	-0.681623	1.000000	1.088295	0.301860	1.000000	-0.116010	1.589966	-1.235095	1.000000	-1.063294	-1.000000	-1.000000	-1.000000	
AAT	-0.399866	-0.427316	0.696435	-0.493095	0.274499	0.691953	-0.696720	-0.630730	-1.502070	-0.071871	0.422930	-0.650026	-0.512255	-0.121400	-1.045889	0.016560	0.051405	-0.020638	-1.956867	0.293541	-2.386796	-0.021616	-1.052680	0.113686	0.641736	-0.381967	0.330902	0.329843	0.850761	2.066550	-0.994313	-0.353091	-1.878826	0.080977	2.303342	-0.883464	-0.461367	-0.508930	-0.423946	0.668884	0.079490	-1.807446	-0.826027	1.132651	-0.215674	-0.380828	0.427250	0.011943	0.049306	-1.251027	-0.960783	0.231575	1.700623	-1.255203	0.939326	1.042223	0.144463	-1.132080	-0.727306	1.000000	0.052173	0.770225	-1.000000	-1.000000	
GAA	0.985370	1.243096	1.477795	0.746197	0.058233	0.971956	1.565176	0.032205	1.733352	1.304762	0.434234	0.658427	0.730609	1.372784	0.556686	1.101079	0.998588	0.280570	0.294177	0.702035	1.134107	2.465125	-0.994904	1.251017	1.763704	0.305399	-0.669114	0.884315	0.328281	1.055484	2.881636	2.804224	1.682064	1.417383	0.929131	1.088165	0.523744	1.526425	0.576028	-2.002208	1.478113	1.060412	2.303231	0.764782	1.729851	2.175628	0.679652	0.493329	0.710367	1.439199	2.153080	1.234657	1.652901	1.566192	0.774797	1.942419	-0.086558	2.380105	2.022896	1.119262	0.647809	-1.000000	-1.000000	-1.000000	
ACA	-1.621788	-1.673963	-1.496941	-1.296259	-2.339387	-0.707293	-1.440292	-1.969407	-0.372141	-0.351223	-1.342719	-2.609071	-2.504478	-2.803717	-1.962776	-1.795066	-1.786259	-1.537248	-1.430743	-0.934848	-1.831873	-2.292417	-1.118390	-2.246712	-2.473556	-2.073815	-0.355662	-1.785835	-2.559007	-1.165096	-2.283915	-1.006922	-1.800929	-2.710342	-2.585963	-2.214512	-2.526522	-1.544111	-1.824365	-2.087887	-1.131083	-1.250846	-0.006633	-1.169590	-2.270175	-1.713045	-2.500390	-2.689182	-1.566257	-1.235697	-2.080105	-0.539524	-2.797124	1.388169	-0.761613	-1.911222	-0.818967	-1.238454	-1.931479	0.791743	-0.532815	-1.000000	-1.000000	-1.000000	
ACG	0.214125	-0.089888	-0.489403	0.174722	-0.107081	0.894782	0.738216	-0.205038	1.078656	-0.234308	0.492061	-1.497929	-0.898339	-0.866165	1.849030	-0.269842	-1.021557	-0.461133	-0.861428	0.763738	-1.600562	0.134449	-0.713702	-1.395306	-0.373755	-0.665755	-0.169854	0.091572	-1.982035	-0.230661	-1.834874	0.277895	-0.437092	-1.734792	-0.766593	-1.794527	-0.959218	1.471715	-0.530938	0.268348	2.504659	0.709498	0.365090	-0.531835	0.407943	0.015586	-1.884202	-1.731380	-0.130445	-2.161776	1.932042	-1.705534	1.000000	-0.944418	1.628850	1.244264	-0.415584	-0.307889	0.805624	1.913746	-0.395311	-1.000000	-0.033196	-1.000000	
AAA	1.197435	0.485330	2.291721	0.912017	1.169410	1.656839	1.444582	0.497943	0.228912	1.946393	1.122295	1.536431	1.716064	0.987604	1.480343	0.913543	2.283583	1.269936	1.804681	1.014562	1.253058	1.262870	1.119703	0.826140	0.428016	1.203021	2.138282	0.783988	1.574336	1.689560	2.275880	1.559433	2.202231	1.053632	0.638234	1.054181	0.801423	1.014686	0.599884	0.266466	1.165920	1.425589	2.414266	1.481107	0.899772	2.428561	2.708263	1.160156	0.327371	0.706214	0.723763	2.807304	1.535648	0.425401	1.370544	-0.030614	1.000000	-0.006130	1.185402	1.000000	4.111196	3.355336	-1.000000	-1.000000	
CGG	-2.010498	-2.609698	-1.750327	-1.179785	0.283813	0.876229	-1.888677	-0.952737	0.064887	-1.012190	-1.799526	-1.503196	-1.016390	-1.262971	-2.368686	-2.327048	-2.212296	-1.028653	-2.097372	-0.526962	-0.746928	-0.850946	-1.259189	-2.773962	-2.708767	-0.219764	0.174795	-0.523935	-3.930151	-2.014337	-1.731262	-0.259968	-2.452699	-1.453715	-3.144812	-1.598665	-1.688633	-1.626881	1.312821	-1.041718	-0.897611	-0.048743	-0.498946	-3.857229	-0.810713	-2.384997	-2.063595	-0.592015	-1.958516	-2.314032	1.000000	-1.326185	-1.592885	2.047247	0.438671	-1.633538	-2.188218	-3.155469	-0.893237	-0.295647	0.052173	-1.000000	0.551767	-1.000000	
TGT	-1.241038	-1.037412	0.494436	-0.572142	-0.709341	-1.425601	-1.477775	-1.953079	-2.449537	-3.073871	-0.086659	0.951261	-1.524242	-1.088959	-0.516122	-2.854609	-1.165124	-1.546883	-3.303586	-1.950966	-3.758758	0.456499	1.183275	0.279365	2.275043	1.000000	-0.562082	3.682749	0.765124	-0.304127	-1.698850	-2.107664	-2.836439	-1.474158	0.014439	-0.467968	-0.165162	-1.665652	-0.630473	1.493400	-0.438337	-3.230719	-1.273413	1.799169	-2.462664	-0.557700	0.135965	-0.570303	0.731599	-1.336708	1.000000	-1.083139	-0.434429	-1.082295	1.223851	0.673811	-0.643839	-1.833946	-0.753700	1.000000	-0.755163	-1.000000	2.551767	-1.000000	
TCC	-0.289907	-0.388923	-1.588856	-2.559203	-2.345401	-0.974196	-4.238394	-2.068177	-0.649657	-1.771203	-0.903284	-1.111257	-2.038869	-1.620477	-1.783298	-1.260463	-0.577340	-1.194591	-1.290946	-0.517874	-3.262519	-0.230387	-0.900752	0.084120	-1.775819	-1.381871	-1.183558	-1.171133	-1.026426	-2.129806	0.218656	-0.383816	-1.805230	-2.281437	0.592359	-1.642508	-1.934553	-1.443370	-1.065532	-2.465535	-0.797627	-2.026362	-1.611956	-0.219285	-2.270204	-2.468592	-0.327766	-0.974798	-0.903145	-0.098957	0.079873	0.222367	-1.032476	-0.809379	-2.267870	2.066901	-0.050564	0.844066	-4.483957	-2.710603	-3.340126	-1.000000	-1.000000	-1.000000	
GTT	0.581093	0.574850	0.624125	0.177125	0.421303	-0.173656	-0.420396	0.768237	0.434115	-0.290899	-0.980108	0.056306	-0.007315	0.212382	0.842905	0.275838	0.349515	-0.377164	0.544115	-0.296106	1.048484	-1.028530	-0.018296	0.171047	0.557240	-0.223566	-1.392087	0.344162	0.836824	-0.471038	0.204485	0.088380	0.386026	0.700251	-1.139756	0.587403	-0.096952	0.275356	1.565979	0.323373	-0.232440	0.463278	-0.414643	-0.181842	-0.582096	0.826827	1.173519	0.652089	1.075531	1.171696	0.269977	0.279347	0.565371	2.022623	-1.138757	-0.805789	1.787633	1.165939	0.552844	0.348160	0.829799	-1.000000	-1.000000	-1.000000	
ATT	0.873485	1.011724	1.422253	0.544748	0.858654	0.072151	4.243762	0.981073	0.494915	0.271351	1.263866	1.274508	1.819247	2.054842	1.480271	2.975805	0.996913	1.422588	-0.199511	0.281483	1.079087	1.935612	1.088911	1.511501	1.897119	0.905183	0.537392	1.142008	2.453032	0.662249	2.265655	1.735934	1.226105	1.730333	-0.131733	1.241523	1.494591	1.419658	0.294834	1.872010	0.301925	0.859709	0.783787	0.658270	1.381921	1.207459	1.340961	2.076032	1.725421	1.060725	0.763255	3.249817	0.489845	-0.296440	1.415424	1.206939	0.781495	0.931538	2.698071	0.847202	-0.252663	-1.000000	0.966804	-1.000000	
TGG	1.066434	3.909408	-0.158515	1.023164	2.142176	0.187469	-0.189503	0.285515	1.344988	-0.284107	2.041645	1.414419	-1.498065	0.114562	2.260404	-1.720946	0.530879	2.092931	-2.593487	0.562758	-0.425002	-0.803711	1.521461	-1.686191	-1.393355	-0.381999	1.735470	1.493325	0.154171	-0.316768	-2.546629	-1.057615	1.226105	0.819049	1.523080	2.570695	2.340228	0.723913	1.583523	1.068698	1.013893	3.112432	2.045841	1.137598	-0.916520	0.189372	-0.889476	1.252905	1.075531	-2.898995	-0.961268	1.673927	1.079999	-1.123199	-0.168434	0.357244	0.954813	-1.571266	-1.357676	0.404773	-1.755163	2.770225	3.551788	-1.000000	
CTA	-1.148001	-4.141236	-3.382470	-1.294016	-1.197837	-1.126062	-1.490714	0.162766	-0.508761	-1.311786	-1.099011	-4.197204	-2.038657	-3.694925	-2.653695	-2.793190	-1.727266	-0.702929	0.747648	-0.670054	-0.129650	-3.687203	-2.463749	-2.484075	-2.828173	-0.780010	-1.706508	-3.911487	-4.294642	-1.577314	-2.236542	-3.552080	-1.171257	-3.380671	-6.390523	-3.117474	-2.317976	-0.455368	-1.009902	-1.339604	-2.312919	-0.799785	-0.942818	-4.467990	-0.462664	-4.733970	-2.652491	-3.633671	-3.644453	-0.023950	-1.768018	-4.937120	-1.126436	-1.859945	-0.209096	-2.955466	-3.666051	-2.866139	-0.276842	-3.518015	0.052173	0.654725	-1.000000	-1.000000	
GCC	0.131754	1.360464	0.705666	0.418832	-0.562217	0.809844	0.085844	-1.578353	0.304351	0.254073	0.721752	0.007619	0.775445	0.016385	0.874227	0.283359	1.685145	-0.257630	-1.040749	1.789469	0.384051	0.804326	1.099248	1.740281	1.133478	0.395593	-1.644653	0.753860	2.546599	1.625032	1.122958	0.011878	-1.210265	0.973432	4.403256	0.616796	0.794092	-1.665747	1.312980	-0.491135	0.879204	-1.250846	0.050768	2.121949	0.729938	-2.964342	-0.089559	0.330089	1.252552	2.508840	0.561793	0.460520	0.824243	0.965913	0.556418	1.646325	2.548815	2.790580	-0.774067	1.000000	0.689732	-1.000000	-1.000000	-1.000000	
TTT	-0.047311	0.641485	0.648497	-0.332849	-0.144154	-0.129175	0.050236	0.227872	1.548048	0.258426	0.645333	-0.048662	-0.231446	1.183366	-0.322847	-0.313507	0.308426	0.302281	-0.133898	0.272518	-0.190514	0.026760	-0.491521	0.339488	-0.463731	0.521144	0.889515	-0.279795	0.073140	0.985700	0.313413	0.250520	0.117672	-0.144100	-0.645322	0.974155	-0.845444	0.415221	1.504125	0.990753	0.440996	0.677019	1.052802	-0.744806	1.112333	0.036326	0.986119	-0.167443	-0.207354	1.150546	0.737386	1.312027	-0.098986	1.406784	1.598276	0.445384	0.190421	0.242558	-0.539098	1.000000	-0.243240	-1.000000	-1.000000	-1.000000	
ATA	-2.122805	-2.790850	-2.162522	-1.724250	-1.775027	-0.890504	-2.178680	-1.859562	-1.420506	-1.573735	-1.773094	-3.213779	-2.562162	-2.548525	-4.202215	-1.744041	-2.391243	-2.128265	-1.490614	-2.111044	-0.448334	-2.395347	-3.281685	-2.613410	-3.331856	0.156323	-1.562059	-2.651074	-2.305303	-1.255375	-1.390708	-1.495560	-2.172849	-3.207451	-3.457166	-3.735154	-3.732713	-1.578239	-3.816264	-1.619761	-1.997167	-0.344085	-1.411023	-4.335858	-1.100171	-2.339839	-0.902367	-2.538769	-2.233691	-2.898467	-0.680637	-2.947327	-2.469455	-2.722442	-0.272241	-2.847116	-1.188176	-2.308079	-1.001774	-0.651890	-0.532801	-1.000000	-0.355124	-1.000000	
GCT	-0.273330	0.782863	0.656289	0.454660	1.000000	-0.208722	2.225654	0.646706	-0.256956	1.648860	0.817295	0.959167	0.881718	0.979904	3.179507	0.617309	1.314841	0.010202	1.029612	-0.370383	1.363453	0.972745	0.793630	1.452225	1.175023	0.425306	-0.369538	0.766337	1.303434	1.129314	1.314437	-0.538481	-1.099449	-0.664789	-0.191783	2.453558	1.009558	0.106834	-0.496510	-1.212332	-0.389900	-0.947476	-0.520688	1.486868	1.253443	1.572456	1.000000	1.314956	0.043244	1.374351	-0.414512	0.270837	-0.560186	0.362369	-0.906542	-0.648022	1.084939	-0.625435	-0.287479	-2.465617	0.659874	-1.000000	-1.000000	-1.000000	
GAT	0.649116	1.340497	1.321516	1.007707	0.339008	0.029623	2.614375	-0.122583	-0.079485	2.012830	-1.105862	1.364457	0.412392	1.703516	1.455422	0.993252	1.177529	1.247950	0.979072	1.290567	2.558633	1.206451	0.362292	1.548071	2.596772	1.605019	-1.884191	1.340932	1.358492	0.502164	1.368718	1.029539	0.448767	2.184416	1.160453	1.018588	0.722347	0.034722	1.127195	-0.453313	-0.244293	-0.445048	0.529129	0.671479	0.221721	1.912659	1.468691	2.473039	1.454648	3.323708	-0.153387	2.476142	-0.959971	1.497575	0.498746	1.107017	2.070657	-0.146473	0.856308	-0.125800	1.091702	-1.000000	1.551767	-1.000000	
CCG	-0.008642	-0.854582	0.102262	1.108729	1.097584	1.215653	0.877074	1.047295	1.570476	0.977033	1.264242	1.454078	0.949171	-0.899289	1.358368	0.118387	0.053894	1.336396	1.440295	1.064006	-2.106639	0.651511	0.900692	1.396013	1.056530	1.380420	0.852839	-0.543107	0.612136	0.803516	-0.240816	0.864760	-0.165489	1.920047	0.184289	0.920928	1.392165	1.327023	0.450482	1.365170	0.831223	1.248097	1.173976	1.042735	0.114519	0.096895	0.626848	1.983537	-1.627606	0.764303	0.290745	2.111894	0.648817	1.162317	-0.723673	-1.283083	-1.510146	0.636532	0.152768	-0.880677	2.204305	-1.000000	-1.000000	1.817242	
AGC	0.633504	1.828290	0.018363	-0.785465	0.763029	0.675688	-0.716794	-1.952595	-1.765131	-0.966622	1.527727	0.261870	-0.641937	0.902215	1.809852	0.382731	0.388578	-1.257717	-1.925712	-0.436317	-2.883948	-0.523880	1.754604	-0.451869	-1.131052	-0.310246	-0.321167	0.886709	-0.085419	0.490183	-1.698729	-0.154411	-1.230657	0.035948	0.563451	1.730412	1.184509	-0.089574	-0.091429	-0.816602	-0.734957	-1.493745	-0.489025	0.688003	0.845311	2.028394	2.126477	2.438634	1.561124	-3.943389	-3.905454	1.077965	0.024737	-0.111080	1.808857	0.758819	1.796726	-5.271529	-2.056822	-1.836243	-2.532789	-1.000000	-1.000000	-1.000000	
CTC	0.297643	-1.061015	-2.956784	-1.092778	-2.856334	-0.026439	-0.807809	0.146850	-0.748666	-0.115319	0.834718	-0.798595	0.093712	-1.584103	0.067229	-0.857711	2.057712	-0.629559	1.010867	-0.552509	-1.095876	-2.892848	-1.500275	0.474161	-0.196176	-1.582677	-0.357790	-1.824784	-0.659052	0.066498	-2.338344	0.131045	-0.740403	-0.499132	-2.286817	-0.320538	-1.209390	0.191166	-2.087021	-0.537600	-0.842459	-0.804484	-0.949232	1.355399	-0.270182	-0.720879	-0.038696	-1.328885	-1.624646	-0.368237	-0.618408	0.660997	-0.842045	0.532249	-2.097945	-1.604953	-1.910505	-1.319472	-3.101560	0.404773	-0.532757	-1.000000	-1.000000	-1.000000	
CGC	0.303749	0.534451	-0.009297	1.616863	1.184973	0.685655	1.000000	1.074798	2.955671	2.193197	-0.233489	1.496839	1.222887	1.244229	-0.095479	1.515608	-1.159570	0.532495	-1.040847	0.832585	-0.275560	0.769714	1.398809	-1.126088	1.005128	1.302429	2.698342	1.033080	1.054480	-0.463910	2.453126	1.382865	1.700675	2.612377	-1.787054	0.464064	0.919127	1.020511	0.909914	0.846406	0.494543	2.369270	0.674066	-0.575847	1.402298	-0.411141	-1.019762	1.675792	0.991793	-0.590507	2.052083	2.919955	1.365320	2.479899	-0.060674	1.819412	-0.852563	1.903079	0.798037	-0.295796	0.204219	-3.321928	-1.000000	-1.000000	
AAC	-0.468931	-0.884941	-0.257964	-1.555958	-1.547892	0.034092	-1.395029	-1.853150	-0.723490	-1.249410	-1.278701	-2.193891	-1.053625	-0.839211	-1.031120	-0.255247	-0.035327	-1.426430	-3.233366	-0.008189	-3.121554	-1.195616	-0.993861	-0.319413	-0.886642	0.442975	-0.147161	0.268201	-0.443713	-0.040288	-0.301973	-0.433119	-1.321824	-1.206657	1.563489	-0.498134	-0.762352	-1.442026	-0.460480	-0.594151	0.283138	-1.563324	-0.970019	0.458722	-1.511179	-0.424292	-1.005467	-0.484803	-0.202143	-1.224940	-0.171187	-1.041604	1.372788	0.562541	0.141381	3.097233	-0.349815	1.668562	-1.765626	1.000000	-0.532815	-1.000000	1.721706	0.679805	
GTG	0.565363	-0.697604	-0.191906	1.083191	0.065140	-0.675456	2.017039	1.477306	-0.432615	0.444595	-0.587414	0.725501	0.264986	-0.180681	-0.597637	0.840128	1.365981	0.602982	1.285906	1.004831	2.253112	0.371412	0.181710	0.025566	0.905149	1.346745	-2.350718	-0.279103	0.733003	-0.255254	-0.033675	-0.223811	1.646912	3.350412	-0.576484	0.951249	0.709960	0.518871	-2.009019	1.586437	1.020087	-0.226664	-0.185749	1.504312	2.099044	1.085715	-0.332998	-0.385503	0.782169	-0.057398	0.213704	-1.197933	2.024915	-0.357548	1.735758	-1.097485	0.629072	-1.136034	1.560537	1.562257	0.730220	1.770225	-1.000000	-1.000000	
CAC	-1.366403	-1.368994	0.639852	0.052401	0.578383	0.668512	-1.417261	-0.326045	-0.250611	-1.170730	-1.261111	0.755738	0.204087	-0.673922	-0.866437	-0.375973	0.051746	-0.015500	-1.316404	-1.356596	-1.324949	0.997024	-0.415229	-0.262920	0.171651	-0.407964	-0.432888	-0.859003	0.263379	-1.255148	-0.565008	-0.702678	-0.925788	-0.168146	-0.537048	-0.711505	0.168310	-1.091392	0.292247	-0.326707	0.013893	-0.316478	-2.108350	-0.098069	-0.270109	-0.939915	-0.912285	1.084992	0.731599	-0.424810	0.004447	-0.217596	2.167535	2.062790	1.276408	0.914931	-1.695107	-0.068506	-0.056893	1.000000	-0.310397	-1.000000	-1.000000	1.817242	
TTG	0.879286	-2.202508	0.665358	-0.640042	0.979327	-0.464227	-0.589532	-0.227290	-0.243166	1.165307	1.096648	-1.850082	0.899815	0.019927	-1.331732	-0.322815	0.127155	1.085326	1.207087	-1.186120	1.285554	-0.002976	-1.590433	1.259681	0.233496	1.757044	1.022785	-2.192078	0.203643	1.992535	-0.453787	-0.180432	0.453749	-1.533043	-2.470609	0.313523	-1.397429	0.071303	-3.331035	0.268831	1.149864	0.144899	-0.485016	-1.602159	-0.270124	-0.963598	2.517434	-1.155266	-1.473145	0.546048	-1.425763	-2.091018	-1.815721	-1.098203	-0.045584	-1.823004	-0.492982	-0.097074	1.602655	-1.617616	0.668819	1.033230	1.229839	-1.000000	
GTA	-1.125471	-0.652814	0.803471	0.048510	-0.819374	-1.638862	0.133400	2.759913	-0.246981	-0.438770	-0.496938	-0.392856	-1.553316	-1.268244	0.594500	-1.469203	-0.057870	0.354773	1.031110	-0.616857	1.210751	0.134449	0.258477	-0.564438	-1.534817	-0.564906	-4.368828	-1.043329	-1.248819	0.481666	-0.314209	-0.883564	1.273604	0.429985	-2.409225	1.535289	-0.902818	-0.232765	-1.008975	-1.041718	-1.177919	-0.192330	-0.760288	0.287530	-0.270062	0.880534	-0.067529	-0.932941	-0.515583	0.384286	-0.575528	-1.678455	0.195468	-0.026980	-0.460685	-0.670144	-0.072589	-0.813512	-0.628052	0.289233	0.467340	-1.000000	-1.000000	0.331867	
GCG	0.821359	0.113739	0.965611	2.716458	0.457379	0.733922	3.163797	1.310359	1.052037	1.179214	0.984746	0.857437	1.689173	0.290636	1.060716	0.191038	1.482257	1.315337	1.525519	2.177315	1.890827	0.219409	0.931133	0.143158	3.347263	1.758947	-1.784638	0.999283	1.146860	1.092568	2.050097	3.769367	1.259647	0.339940	-0.095669	0.581819	1.048336	1.320908	0.313004	0.502628	1.383537	2.001905	0.876392	0.482298	0.135886	2.497851	0.560494	0.824060	0.741203	2.706185	2.039135	1.258877	1.401876	1.019158	1.570518	1.402086	0.294648	2.766996	0.654771	1.000000	1.405810	-1.000000	-1.000000	-1.000000	
GCA	-0.150177	1.458539	-1.088861	0.440158	-1.186399	-1.831644	0.016306	0.138228	-0.660867	-0.139771	-1.652577	-0.573558	-1.453804	-0.263978	-0.179536	-0.463146	0.053089	0.225494	1.253107	-0.367837	0.888165	0.162066	-0.908185	-0.080770	-1.295007	-0.898684	-0.655345	-0.405592	-0.749571	-0.916486	-0.092663	-1.159898	0.502188	-0.152857	-0.642131	-1.110716	-0.139132	-0.581645	-0.839006	-1.193096	-1.297862	0.309568	-0.692910	-1.283501	0.009933	0.558291	0.735999	-1.010897	0.345984	0.897168	-0.692801	-0.478117	-0.140403	-1.789691	0.453888	-0.223640	1.856240	-0.312625	0.460902	-0.893666	1.393185	1.895805	-1.000000	-1.000000	
ATC	2.300307	1.409753	0.692488	-0.474867	1.341856	1.203997	0.326829	0.231731	0.982495	-0.088231	0.115839	0.557152	0.802528	1.365742	0.750227	2.772378	1.046268	0.607476	-0.095893	1.030495	1.074963	0.020848	0.471891	1.539994	0.602070	0.828634	1.138209	1.201147	1.133468	0.271948	1.650226	1.514791	0.283943	0.474560	2.362041	0.899075	0.885978	2.764008	1.945256	0.241220	1.216991	1.708735	0.626783	1.215775	1.729887	2.028394	2.882422	0.552487	1.470951	1.000000	0.773199	0.547461	1.856185	0.834240	0.351698	1.322999	1.347949	1.000000	2.278151	0.227883	-0.085342	-1.000000	-1.000000	-1.000000	
CGA	-0.345957	-2.439349	-3.196835	0.445794	1.480259	0.150251	1.192288	-0.730304	-0.169400	1.000000	-1.600011	0.220081	0.546152	-1.355851	-1.653624	-0.934548	-1.457880	0.497377	-1.888746	-1.795370	-0.536422	-1.887637	0.684211	-1.947816	-1.583603	-0.537278	-0.784506	-1.858780	-1.700750	-1.740609	-1.061575	-1.391090	-1.922731	-0.245787	-3.398763	-2.031318	-0.370393	-0.287120	-0.745874	-1.594101	-1.090173	0.615394	0.041820	-3.466893	-1.980675	-2.063461	-2.286171	1.137155	-1.782041	-3.261565	-2.767980	-0.741523	-0.045439	-1.772778	-1.379021	-3.885812	-2.772866	-2.740368	-0.085882	1.000000	1.789268	4.355357	-1.000000	-1.000000	
GGC	2.022423	2.849980	0.849526	1.551947	0.429678	0.663058	2.695744	0.320407	0.993778	1.675167	1.538423	1.893249	1.568601	2.814227	2.320026	3.674989	1.107657	2.027661	0.242107	2.976311	0.231119	3.456333	2.323521	1.336615	1.404430	0.225668	-0.861658	-1.314222	2.587616	0.803516	2.448634	1.440004	1.651254	1.674444	1.916526	2.639048	2.579050	0.782295	2.016574	0.142865	0.784031	2.437596	2.169949	1.281642	-0.515268	1.266916	0.023149	1.547283	1.416996	1.949324	1.498662	1.415935	-0.656997	0.621099	-0.976366	0.690213	1.331253	2.625457	-0.931479	-0.180256	-0.795824	3.185274	-1.000000	0.331867	
CGT	1.367879	-0.764824	0.602737	1.192363	1.787609	2.852162	0.546335	1.211354	1.131087	-0.438770	1.445571	0.708365	0.272734	0.674008	0.904454	0.255392	-0.269826	-0.170119	0.581242	1.188008	0.133539	0.359517	0.990301	1.160305	0.816786	0.744702	1.187876	1.172498	-0.696603	0.744668	-0.128553	-0.311202	3.011540	0.592888	-1.298923	0.437679	0.823132	0.289555	1.200518	3.087616	0.557862	0.988716	0.133331	1.188028	3.429988	0.299301	0.442682	0.258229	1.749785	-1.253348	2.918115	1.052442	0.943913	1.325764	0.826531	1.000000	-0.685705	-0.249059	2.547040	-0.073357	0.374134	-1.000000	-1.000000	1.000000	
TAC	-1.014673	0.445082	-0.614933	0.196419	0.463655	-0.284167	0.140724	-1.367583	-0.764950	1.000000	-2.994520	1.134295	1.515829	0.312191	-0.516090	0.526077	-1.569097	-0.613738	-3.995044	-0.091687	-2.399065	0.036560	0.703355	-0.829798	-0.785299	-0.068345	-1.687793	-0.402270	-0.203220	-1.477701	2.479947	3.073747	-0.985027	1.407710	-0.231850	0.094410	1.363845	-1.786153	0.018553	-1.566102	-0.120895	-0.674518	-0.978063	-0.403099	2.373447	0.148662	-0.745197	1.489246	-0.390337	1.699555	1.415015	1.000000	-0.896147	0.879590	0.498746	0.343734	-0.708893	1.388477	-1.894820	-1.880677	-3.117752	-1.000000	0.966836	-1.000000	
ACC	0.677481	1.882504	0.803281	0.957580	-2.104877	0.846457	1.548319	0.231731	0.772765	1.671463	2.374919	0.945853	0.823718	-0.268286	1.553243	0.147045	2.142110	0.518021	2.482779	0.286985	0.574979	0.541303	1.015720	2.862547	1.918318	-0.604438	0.392040	0.743499	1.908738	1.848955	-0.891547	0.463818	0.345672	1.303492	1.782818	0.719312	1.030362	0.245013	0.110787	0.043242	-0.253860	-0.723266	0.541351	2.035250	1.135819	0.974925	1.227905	3.005745	0.110513	-0.545083	0.479820	2.501739	-1.036866	0.399518	-0.209096	-0.586233	0.862564	-0.212476	-1.984942	-0.357147	-0.854743	-1.000000	-1.000000	1.554207	
CCT	0.440952	-0.171152	-1.512152	-0.039599	1.000000	-0.239362	-0.636825	2.016891	0.991093	0.111237	1.850557	-0.170486	0.972518	-1.700282	1.433918	0.919038	-1.049910	0.951802	2.472233	-0.795424	0.041651	0.581851	0.493586	0.213270	0.431710	1.897814	0.961380	0.254061	-0.354354	1.024785	-0.961957	0.699967	-1.170198	-1.649476	-1.342115	1.918283	0.039625	1.155343	2.691455	0.833591	-0.983483	0.691985	0.391095	0.793125	0.845311	-1.577878	1.000000	-1.006972	-1.366975	1.323624	0.553817	-0.045099	0.150426	2.444026	-0.071690	-0.633538	-1.451123	-0.677897	-0.550392	0.611194	-1.532853	-1.000000	-1.000000	-1.000000	
ACT	1.686641	2.253060	-0.701349	2.319787	-0.119380	0.155143	2.531448	-0.067988	1.689428	2.763975	0.329776	0.705455	3.004923	-0.115330	-0.476031	0.083539	-0.765919	4.055667	0.018105	0.137470	0.548518	0.685015	2.731495	-1.947816	3.039175	1.000000	-0.562245	2.896696	1.896419	0.113833	0.239702	1.616338	0.336955	2.303753	1.187717	-0.725033	3.395252	1.212070	1.417379	0.499082	-0.090389	0.132901	1.216573	0.212214	0.952146	-1.494268	-1.445268	1.000000	0.395821	-1.261339	0.138718	1.000000	-0.287598	-0.934122	-0.842931	-1.537661	-0.188052	2.335776	-0.387023	0.404773	-0.532771	-3.321928	-0.033196	-1.000000	
TTC	0.179511	0.941344	0.861171	0.919646	2.750870	-1.279034	0.004226	1.047267	0.765259	0.981365	1.245007	-0.010137	0.858530	0.971819	4.037713	0.792364	-1.320515	1.912408	1.012317	-0.381194	-0.118917	-0.037786	0.401775	1.566082	2.107899	1.705601	0.022779	0.342976	0.134172	2.042301	-0.035942	1.480684	0.807472	-0.338106	-0.228548	1.148222	1.652541	0.306941	1.823964	-0.331181	0.308179	-0.727122	0.420848	1.532631	0.774249	0.904166	2.682521	1.025271	0.762606	0.603803	2.064782	1.396417	-0.859448	0.826432	0.389549	2.168761	2.204324	0.844066	1.612977	-2.973819	0.659874	-1.000000	5.136750	-1.000000	
AAG	0.860069	0.145551	2.675475	0.890751	3.083209	0.518851	0.396302	0.591505	-0.613084	1.478619	3.024740	0.496978	1.802313	1.589155	2.644244	0.524852	2.332293	0.405399	1.766507	0.596824	1.069791	0.871407	-0.329492	2.395894	1.124216	1.058721	0.115914	-1.040963	1.582205	1.977311	0.280896	0.468846	0.962012	2.110533	1.501420	1.143951	0.904426	0.644626	0.078574	-0.108618	-0.554316	-0.157488	0.250541	2.770672	-0.007128	1.962421	1.000000	0.445651	0.077704	1.470647	-0.768166	1.937037	0.615945	-0.772585	-0.138701	0.214498	-0.603110	-1.763720	0.688210	1.348160	2.789268	-1.000000	-3.321928	-1.000000	
TAT	0.711495	1.108062	1.727917	1.418933	2.601353	-0.456922	2.625340	-0.390657	-0.639551	0.893732	-0.721466	1.209547	1.689173	1.203673	2.715785	1.548673	-0.074110	0.649395	-0.593290	-0.772671	-1.076983	1.366360	-1.000192	0.509150	1.093868	-0.037341	0.437814	-0.462229	1.764936	1.001004	1.038021	4.172242	0.970916	0.754051	1.261746	1.505826	2.221289	-0.402683	-0.041156	-0.516247	-1.197293	-0.908810	-1.065429	-0.850547	-0.022140	0.299357	1.511117	2.204363	-0.515583	1.030932	-0.697695	0.615015	-0.303404	-0.996481	-0.372551	-0.283041	0.771259	0.560211	0.490119	-0.651890	-1.532771	-1.000000	-1.000000	-1.000000	
GGA	0.965015	3.770715	-1.224279	-0.709150	0.035961	-0.790975	0.576128	0.632268	1.386849	1.800893	0.593004	2.296475	0.253938	1.724780	-0.836468	0.682950	0.608337	1.767762	-0.172931	-0.358315	1.740226	0.871468	0.900692	0.133008	-1.725229	-0.740870	-1.977049	1.000000	-1.414193	1.066629	1.398026	-0.057615	-0.272532	1.040440	0.449981	0.926585	1.495990	0.229666	0.369527	-0.638469	0.610191	0.894431	0.739529	-2.439749	-1.077566	-1.650908	0.280449	2.204259	0.358431	-1.105081	-1.842043	-1.063151	-0.383978	-1.275021	-2.192213	-1.463574	0.811865	-0.348601	-1.001703	0.163717	-1.532789	-1.000000	-1.000000	3.679795	
CTT	2.896514	1.499015	-0.735497	1.825414	0.578383	1.465458	0.974546	2.423084	0.295208	1.726578	2.844233	0.528587	2.336304	0.673868	1.024695	2.330698	2.283401	1.767762	3.733960	2.959374	1.000000	-0.128532	0.279742	1.000000	0.540141	-0.631393	2.897435	-0.004185	1.773761	2.066531	0.353546	1.357582	1.547019	0.078327	-0.916312	1.511548	1.354566	1.182338	-0.201554	1.743695	2.266914	2.690411	0.358318	1.000000	-0.600290	-0.733183	0.755940	0.500086	0.005313	2.101269	0.231866	1.744311	1.845527	-0.006604	-1.437870	-0.805789	0.619283	2.053378	0.635712	1.163717	2.526233	-1.000000	-1.000000	-1.000000	
CCC	0.190841	1.145661	-2.077679	0.548718	-2.976425	1.390803	-0.946066	-0.200592	2.588725	-1.273137	1.236185	-2.087973	-0.131888	-1.285203	-0.109156	0.460616	-1.614582	0.391535	-0.141359	0.074213	-1.232550	-2.417777	-1.315789	-0.568785	-0.543560	-1.381871	0.723218	-0.921739	-1.606264	0.376868	-1.764464	0.689727	-1.325265	-2.556385	-1.305758	-0.349677	-1.100673	0.334341	1.691455	1.171457	-0.317980	-0.558937	-0.934926	0.233170	0.604213	-0.754789	-2.224295	-1.210608	-0.858251	-1.557625	-0.223908	-1.956021	-1.133426	0.998036	-2.045648	0.366462	-0.847094	0.581049	-0.608487	1.000000	-0.340126	3.677170	-1.000000	3.817231	
TCT	-0.641781	0.200983	1.040511	0.137114	-0.691978	0.168434	-1.426052	0.400959	0.716949	-1.199122	0.503062	-0.450600	-0.782358	-0.612494	0.911412	-0.878116	-0.550906	1.612693	-0.678113	0.116645	-2.247033	-0.733871	0.449732	0.396098	-0.711143	-1.996882	-0.714173	0.047900	0.582054	2.066498	-0.295931	-1.208840	-1.163697	-2.957132	0.551266	0.122962	0.163225	-1.502091	0.691455	-0.516144	-1.215984	-0.277508	-0.889324	1.566237	-2.270067	-0.346871	-0.205057	-1.740373	-1.010715	1.357639	0.836683	0.948158	-0.409120	-0.558733	-0.360979	0.772454	0.499855	0.479626	-2.708951	1.000000	-1.269780	-1.000000	-1.000000	2.554207	
GGG	0.086033	0.786028	-0.124697	0.261937	-1.306917	0.016406	-0.980639	-0.122715	-0.157382	-1.209947	-0.062578	0.837881	-0.231448	0.063114	-0.560375	-1.276406	1.582941	-0.310071	-0.973733	-0.210515	-1.003054	2.582257	1.059374	2.096317	-1.293622	-1.291253	-1.910159	1.439715	-0.368717	-0.901639	-0.283876	-1.658486	-0.500048	0.247306	1.604154	-0.493025	-0.637838	0.656269	-0.134470	0.060316	-0.303828	-0.023154	0.396365	-0.609278	-1.407576	-0.752594	-0.855707	-0.017790	2.077533	-1.483670	0.089851	-2.255582	1.000000	-1.052726	-0.830556	1.088848	-1.666228	-1.963332	-1.679604	0.874250	-1.532789	1.831650	-1.000000	-1.000000	
AGA	-0.922757	1.619468	1.000000	1.000000	0.650435	-1.345847	-2.644253	-1.536888	0.386643	-0.061895	1.937428	-1.383633	-0.868725	-1.325501	2.761581	-0.523562	1.000000	0.414669	1.000000	1.519867	1.700440	-0.780448	-0.152322	0.548515	-0.123752	1.000000	1.000000	1.532955	-2.628059	1.914538	-6.185367	0.074185	-1.453718	1.303533	-0.746748	0.080061	0.851773	1.000000	-0.549387	-1.915833	-0.446369	0.418705	2.633477	1.000000	1.000000	0.555730	-1.941744	1.067005	-1.343855	-3.321928	-3.769685	-0.063151	-1.335001	-4.444908	1.556418	-3.563813	1.000000	-2.155661	-1.734651	0.511602	1.000000	-3.321928	-3.321928	-1.000000	
AGG	-2.495561	-1.310130	-6.090460	-4.310089	-2.479073	-2.983791	-4.545630	-3.123004	-2.841661	-2.106948	-2.577175	-2.579777	-5.624256	-4.052045	-1.036853	-1.809528	-2.168159	-2.087586	-2.040552	-3.477409	-2.469271	-3.587600	-2.222871	-5.771346	-5.319971	-7.194384	-0.339826	-2.170935	-5.088590	-2.129638	-5.677281	-5.033116	-4.772444	-3.144318	-2.405185	-2.794842	-1.032421	-0.899828	-2.786942	-3.008647	-2.675094	-3.482203	-1.653487	-1.660110	-2.592361	-3.367897	-5.111669	-2.769108	-1.413894	-5.483957	-6.354374	0.843840	-3.727085	-6.184128	-2.530904	-3.787263	-1.188254	-4.479140	-2.457117	-0.488398	-3.233219	2.033319	-1.000000	3.331804	
TAA	-1.000000	-1.000000	-1.000000	-1.000000	-1.000000	-1.000000	-1.000000	-1.000000	-1.935285	-6.222231	-6.966703	-6.131562	-7.493007	-1.000000	-1.000000	-1.000000	-8.376050	-1.000000	-1.000000	-1.000000	-2.884758	-1.000000	-1.000000	-1.000000	-1.000000	-1.000000	-1.000000	-1.000000	-7.147929	-4.713947	-6.185367	-1.000000	-1.000000	-1.000000	-1.000000	-1.000000	-1.000000	-6.301599	-1.000000	-1.000000	-5.415183	-1.000000	-5.963531	-1.000000	-1.000000	-8.689322	-1.000000	-1.000000	-1.000000	-1.000000	-1.000000	-7.064653	-1.000000	-1.000000	-1.000000	-1.000000	-1.000000	-5.961204	-1.000000	-1.000000	-1.000000	2.770247	1.966825	-1.000000	
TGA	-1.000000	-1.000000	-6.592861	-1.000000	-4.258959	-1.000000	-1.000000	-1.000000	-1.000000	-1.000000	-1.000000	-1.000000	-1.000000	-1.000000	-1.000000	-3.805727	-1.000000	-1.000000	-4.624331	-1.000000	-4.693280	-1.000000	-1.000000	-1.000000	-1.000000	-6.516296	-1.000000	-1.000000	-6.042652	-1.000000	-1.000000	-1.000000	-5.614346	-1.000000	-1.000000	-1.000000	-1.000000	-1.000000	-1.000000	-1.000000	-1.000000	-1.000000	-1.000000	-1.000000	-1.000000	-7.203940	-1.000000	-1.000000	-1.000000	-1.898995	-1.000000	-5.649615	-3.827310	-6.440529	-1.000000	-2.787025	-2.188072	-1.000000	-2.516531	-1.000000	-3.532757	2.355246	0.744412	-1.000000	
TAG	-6.274622	-4.118229	-1.000000	-7.121661	-2.842305	-7.398685	-1.000000	-1.000000	-1.000000	-1.000000	-1.000000	-1.000000	-5.355580	-1.000000	-1.000000	-1.000000	-1.000000	-1.000000	-1.000000	-1.000000	-1.000000	-5.587702	-1.000000	-1.000000	-1.000000	-7.779375	-1.000000	-1.000000	-5.955747	-1.000000	-1.000000	-4.772180	-1.000000	-1.000000	-1.000000	-1.000000	-1.000000	-1.000000	-1.000000	-1.000000	-5.678254	-1.000000	-7.548493	-1.000000	-1.000000	-1.000000	-3.321928	-1.000000	-1.000000	-1.000000	-1.000000	-1.000000	-1.000000	-8.379142	-1.000000	-1.000000	-1.000000	-1.000000	-1.000000	-1.000000	-1.000000	-1.000000	-1.000000	-1.000000	
