	ATG	GTC	GGT	CAG	GAG	CAA	CTG	TCG	TCA	CCA	TTA	TGC	CAT	AGT	GAC	AAT	GAA	ACA	ACG	AAA	CGG	TGT	TCC	GTT	ATT	TGG	CTA	GCC	TTT	ATA	GCT	GAT	CCG	AGC	CTC	CGC	AAC	GTG	CAC	TTG	GTA	GCG	GCA	ATC	CGA	GGC	CGT	TAC	ACC	CCT	ACT	TTC	AAG	TAT	GGA	CTT	CCC	TCT	GGG	AGA	AGG	TAA	TGA		
ATG	-1.021857	-1.591271	-0.625604	-1.244304	-2.465324	-0.072691	-1.296588	-2.531525	-1.406780	-1.348432	-0.802946	-0.666615	-1.445568	-0.783580	-0.249612	-0.594282	-1.388124	-0.254445	-1.435378	0.158276	-0.953688	-0.853334	-0.662272	-0.984546	-1.848976	-3.136038	-1.701939	0.788388	-1.178775	-1.068414	-1.451322	-1.075091	-0.474763	-1.621216	-0.731769	0.353607	-1.159208	-1.565001	-1.787074	-2.347725	-2.694191	-0.867568	-0.237961	-0.708559	-0.528823	-0.717855	-0.907808	-0.087761	0.451062	-1.340667	-0.127719	-1.252695	-1.011198	-0.825635	0.208679	0.217009	-1.638412	-2.004330	-1.678263	-2.180087	0.751305	0.727601	0.143929		
GTC	1.276640	-0.013127	-0.961590	0.346485	-0.858524	1.334123	-0.574552	1.032920	2.733442	0.945885	1.253909	0.649720	1.594766	1.773269	0.978679	0.345283	2.093690	-0.394643	0.270845	-1.493817	1.173971	1.334997	0.106219	1.148452	-0.172776	-0.814110	0.791574	1.575238	0.013766	1.415806	0.845110	1.260795	1.093065	0.875362	-0.229487	2.152829	-0.763332	2.122818	-0.627274	0.095084	0.634169	0.530849	0.936778	-0.522835	0.618850	0.487036	1.494988	1.675455	0.858213	0.467394	1.401000	-2.351645	-0.185593	-1.605719	0.889301	0.928485	1.216307	-0.852313	-0.941323	-1.419566	-1.000000	2.534946	-1.000000		
GGT	-0.249280	0.305440	0.141313	1.612131	0.490302	-1.307543	1.447527	0.270796	1.206995	0.844056	1.954054	2.001639	1.280916	2.004870	1.283125	0.442260	1.166302	1.508586	0.963721	2.054334	2.417148	1.270878	0.657117	1.567435	1.715694	2.553199	-0.367700	0.114831	-0.332666	1.031145	0.311158	1.220875	1.629839	0.220311	1.110239	1.118691	1.175186	0.724817	0.986182	0.573143	1.441030	0.268330	0.712527	-0.719653	-0.537289	2.661058	-0.058250	0.674656	-0.540009	1.155141	1.242699	1.856554	1.230888	1.988087	-0.226225	0.304469	0.609544	2.247140	-0.631003	0.135420	-1.000000	-1.000000	-1.000000		
CAG	0.315264	1.187944	0.206818	-0.867776	0.139144	-0.518230	-1.909188	-0.377343	-0.030643	-1.625824	-0.727352	-0.322275	0.457182	-0.501500	-0.551333	1.159871	-1.071106	-1.239182	0.849130	0.026090	0.555579	-0.508292	-0.079804	0.130896	-0.691325	-2.053532	0.183669	-1.106524	-1.110289	0.734805	0.958014	-0.217712	-0.458975	-0.704309	-0.861955	-0.935542	-0.130865	1.245190	-2.621845	0.589163	-0.433263	0.841293	-1.001643	0.760948	0.302687	-0.664030	-1.502403	1.239976	0.585709	0.418087	-1.863458	1.000000	0.053901	1.666058	1.931750	-1.332344	-0.951332	-0.323370	1.824264	-0.261023	-1.000000	-1.000000	-1.000000		
GAG	-2.249582	-2.866670	1.185946	1.654883	0.600828	1.349733	0.799792	0.410048	4.982458	-0.506815	3.527906	2.649488	-0.475640	-2.479462	-0.255840	-0.219594	1.466075	-0.355003	-0.314105	0.199248	-1.965977	-0.931587	-2.385347	-1.472694	1.083736	1.096611	-2.046549	-0.101327	-1.746526	-1.446882	-1.213355	0.651365	-0.782801	-2.663410	-2.214741	2.181182	-0.252335	-0.943031	0.208951	0.888677	1.497749	0.395482	-3.370845	0.786426	-4.274185	-2.243230	-1.596945	-1.765102	-2.487410	-0.288819	-2.058359	0.440274	0.465434	-1.333916	-2.074188	-2.782899	-0.750757	1.152461	0.009789	0.234959	-1.000000	-1.000000	-1.000000		
CAA	0.293211	2.491572	1.389061	2.607326	2.514338	1.733580	3.133193	2.780247	2.878838	2.177716	2.388854	1.858033	1.740959	1.632576	1.520741	1.380836	1.917055	3.367120	3.054874	1.873367	1.557888	1.823399	0.240115	1.814113	2.146164	2.221520	3.045021	0.934099	1.607712	0.957152	2.684211	2.402947	1.289335	-0.763226	2.972690	2.153108	2.616149	1.386193	3.077902	3.000630	3.922615	3.245218	0.830031	3.104361	1.386046	2.270711	2.172052	1.160940	2.212785	2.123609	3.445207	4.688850	2.662538	0.812068	0.626254	-0.934978	1.740153	2.076179	2.228665	3.339213	-1.000000	0.534930	1.821992		
CTG	-2.704825	-0.952986	-2.077392	-2.147819	-1.915405	-2.448171	-1.937125	-0.707237	-2.875356	-0.718929	-2.382007	-2.479657	-1.403045	-2.688354	-3.500775	-1.823456	-1.521122	-1.471849	-1.185797	-2.993932	-1.079578	-2.266795	-0.436309	-2.105515	-1.187757	-1.743721	-1.785909	-1.615981	-1.311254	-1.712860	-3.002588	-2.002704	-3.142903	-0.062869	-2.460736	-2.743995	-1.482828	-1.880207	-0.835884	1.058508	-2.122049	-2.056517	-1.433879	-2.538656	-2.128877	-1.693187	-3.150178	-0.919950	-1.648013	-1.233387	-2.457556	0.596678	-2.118259	0.604624	1.569706	0.861032	-0.452492	-2.811685	1.000000	-2.961247	-1.000000	-1.000000	-1.000000		
TCG	-3.276205	0.739980	-1.073235	-1.866856	-1.643369	-2.190186	-1.449990	-0.606111	-1.297588	-1.040930	-0.825971	-1.463290	-0.493928	-1.594016	-1.227735	-0.811192	-0.149331	-1.713747	-1.351811	-2.993932	-0.179068	-0.636108	-0.376583	-0.771602	-0.695933	-1.799052	-1.314431	-0.282161	-1.013751	-0.277516	-2.424920	-1.479148	-2.590375	0.388740	-2.302195	-2.244435	-3.417068	-1.847057	-0.024066	-1.426907	-2.842003	-2.157774	-1.667459	-2.238897	-2.093560	-1.326273	-1.589853	-1.818535	0.080177	-0.984010	-1.174001	1.121649	-1.523880	-0.549733	-0.706824	0.024253	-0.549646	-2.688622	-2.263592	-0.694598	-1.000000	-1.000000	-1.000000		
TCA	-3.489747	-1.993429	-0.438968	-0.621846	-0.285957	-1.410530	1.298114	0.753476	-0.795586	-0.855001	-1.078931	-0.966094	-0.758696	-1.802522	0.013307	-2.436106	0.382562	0.949156	-1.248621	-1.104763	-1.153585	-1.179270	-1.986582	-1.477083	0.271750	0.412436	-2.316340	-2.642129	-1.006758	-2.366612	-0.917394	0.104687	-1.443409	-2.763168	-0.684327	-1.211110	-0.910273	-1.022850	1.223028	-0.914942	-0.111270	-0.496656	0.355609	-0.484115	-2.298633	-1.417364	-0.736298	-0.653295	-0.855360	-0.206260	-2.119760	1.682695	-1.541661	0.540663	-1.186718	-2.953007	-0.943402	0.455101	-0.803825	0.819913	-1.000000	0.364984	1.558981		
CCA	-0.981908	-0.116869	-0.485601	0.029668	1.087463	-1.415611	0.370989	2.140078	-0.476361	0.444530	-1.450187	0.099285	-0.255273	-1.339716	0.268595	-0.820738	0.401822	0.431423	2.403939	0.307944	1.548937	-1.636047	-0.397820	-0.650624	0.085278	0.399996	0.015428	0.302846	0.605910	-0.937136	-0.285056	0.120908	0.110231	0.236999	0.105612	-1.776945	0.483097	-0.321458	2.227649	3.372612	1.175230	0.568423	-2.474294	2.106833	-0.205813	1.000000	-2.022788	1.196666	-0.112518	0.753051	-2.686422	1.000000	1.891255	2.035266	0.385232	-0.895474	2.996790	1.218062	1.643745	0.957436	-1.000000	1.949943	-3.321928		
TTA	-1.292868	-1.286411	-2.308439	-1.337883	-1.605753	-2.556195	-3.294938	-1.877862	-2.103445	-1.856987	-1.154306	-1.710131	-0.853143	-1.271060	-2.128373	-2.340292	-2.875555	-6.173389	-1.128793	-4.163836	-0.877918	-0.828675	-1.066019	-1.953617	-2.055368	-1.103651	-0.785967	-2.561544	-2.415122	-1.452420	-1.247468	-1.808073	-2.223398	-0.520329	-1.455108	-1.886875	-2.954001	-0.791787	-1.705382	-1.904766	-2.781267	-2.970378	-1.424251	-1.561135	-0.466838	-2.532705	-0.612161	-1.138682	-2.265215	-2.267807	-0.888602	-2.281937	-0.624171	-0.973381	-1.208557	-0.753244	-2.205444	-2.795966	-2.848143	-4.309126	0.876823	-1.000000	-1.000000		
TGC	-0.919691	2.387634	0.094458	-0.718012	0.778161	-1.108960	-0.292602	-0.512294	-1.086874	-0.496096	-0.359697	-0.537254	0.572638	-0.992080	-0.140422	-0.128370	-0.874219	-0.380430	-1.513414	-0.689765	1.678994	-0.413759	-0.014647	-0.105035	0.405749	0.908373	-0.367630	-0.965284	-0.517751	-0.917898	-1.571582	-0.241736	0.497179	-0.500289	-0.208973	-0.555772	0.388175	-0.032961	0.929515	-0.614924	-0.531641	-1.467380	-0.913718	1.118567	-0.952199	-0.051704	0.471906	-0.430587	-0.924606	0.296152	-1.736595	1.478029	0.595847	1.303515	0.588725	-1.420506	-0.635107	0.584716	-0.388755	1.585409	-1.000000	1.949938	-1.000000		
CAT	-0.720947	-1.705750	-2.203941	-2.038901	-1.194761	-2.484885	-3.287649	-2.834927	-2.317531	-0.825135	-1.757543	-2.059356	-2.068900	-1.484047	-2.706951	-1.174362	-3.226128	-4.566647	-2.262539	-2.141490	-2.893770	-0.162119	-2.689017	-2.671415	-1.291546	-1.429104	-0.694315	-1.168500	-1.655244	-5.876506	-2.111546	-3.430314	-1.087778	-1.529697	-0.930235	-1.695923	-2.195681	-1.095108	-1.709114	-1.995790	-1.688566	-1.901066	-1.224645	-4.823860	-0.866139	-1.901465	-1.499068	-2.349487	-6.808083	-4.665300	-1.124328	-2.442640	-2.679216	-1.456573	-2.777276	-0.743487	-4.612174	-2.667295	-0.739756	-0.724435	-1.000000	0.075448	-0.714066		
AGT	0.435865	0.151644	0.099733	-2.261387	-1.963999	-1.392983	-2.169827	-1.038541	-0.792509	-2.617316	0.458935	0.078052	0.248633	-0.417578	-0.227873	-0.448396	-1.039294	0.072837	-0.014409	-2.365478	1.727871	-0.298192	0.027137	0.098242	-0.761518	-3.398854	1.766529	-0.226099	-1.432997	1.078483	0.372057	-0.354184	0.117087	2.530315	-0.077384	-0.514150	-0.905960	1.516414	-1.988134	0.458542	-1.276458	-0.233641	0.259818	-0.798590	0.708492	-0.591182	0.456296	1.636054	-0.109029	1.024653	-0.677097	1.000000	1.084770	0.328953	1.000000	-0.125915	1.593030	-1.214868	1.000000	-1.032539	-1.000000	-1.000000	-1.000000		
GAC	-0.443589	0.707130	-0.492429	0.313174	0.685037	-0.672431	-0.615270	-1.503778	-0.052641	0.444503	-0.658488	-0.496186	-0.115802	-1.050375	0.012695	0.044587	-0.035676	-1.951711	0.280125	-2.344448	-0.027815	-1.051086	0.107292	0.655453	-0.380347	0.341961	0.313501	0.861956	2.067158	-1.001298	-0.354468	-1.889869	0.094185	2.286535	-0.888827	-0.454101	-0.497608	-0.473588	0.690128	0.058548	-1.772981	-0.818649	1.148210	-0.184567	-0.369437	0.421402	0.006931	0.039410	-1.254829	-0.983950	0.236148	1.706306	-1.258848	0.966468	1.016627	0.134529	-1.129098	-0.707188	1.000000	0.082987	0.751305	-1.000000	-1.000000		
AAT	1.226822	1.488455	0.746921	0.096786	0.965080	1.589483	0.047695	1.731661	1.324049	0.456045	0.649920	0.746698	1.378436	0.552154	1.097261	0.991783	0.265420	0.299224	0.688607	1.176711	2.458972	-0.993244	1.244545	1.777441	0.306972	-0.658022	0.868023	0.339515	1.056114	2.874709	2.802820	1.671059	1.430612	0.912352	1.082829	0.531073	1.537760	0.526412	-1.981060	1.457171	1.095028	2.310682	0.780320	1.760948	2.186988	0.673821	0.488376	0.700484	1.435280	2.129935	1.239161	1.658616	1.562645	0.801972	1.916783	-0.096485	2.383119	2.042879	1.151797	0.678538	-1.000000	-1.000000	-1.000000		
GAA	-1.690220	-1.486436	-1.295600	-2.300629	-0.714212	-1.416019	-1.953778	-0.373764	-0.331952	-1.320972	-2.617452	-2.488435	-2.798195	-1.967350	-1.799078	-1.793005	-1.552470	-1.425685	-0.948261	-1.789290	-2.298615	-1.116715	-2.252903	-2.459914	-2.072175	-0.344596	-1.802161	-2.547983	-1.164534	-2.290698	-1.008397	-1.811951	-2.697240	-2.602774	-2.219708	-2.519269	-1.532666	-1.874213	-2.066670	-1.151900	-1.216233	0.000905	-1.154166	-2.239078	-1.701651	-2.506314	-2.694329	-1.575966	-1.239520	-2.103240	-0.534797	-2.791369	1.384155	-0.734385	-1.936833	-0.828826	-1.235333	-1.911221	0.824165	-0.501977	-1.000000	-1.000000	-1.000000		
ACA	-0.106229	-0.478748	0.175461	-0.068456	0.887910	0.762523	-0.189479	1.077002	-0.215049	0.513662	-1.506447	-0.882239	-0.860553	1.844485	-0.273668	-1.028384	-0.476281	-0.856329	0.750392	-1.557962	0.128361	-0.712042	-1.401788	-0.360094	-0.664196	-0.158735	0.075352	-1.970758	-0.230102	-1.841776	0.276551	-0.448180	-1.721452	-0.783349	-1.799837	-0.951969	1.483065	-0.580401	0.289538	2.483724	0.744035	0.372490	-0.516229	0.439059	0.026963	-1.889917	-1.736298	-0.140352	-2.165733	1.909331	-1.700997	1.000000	-0.948039	1.655973	1.218339	-0.425489	-0.304863	0.825685	1.946301	-0.364454	-1.000000	-0.050033	-1.000000		
ACG	0.469086	2.302343	0.912715	1.208017	1.649937	1.468831	0.513509	0.227233	1.965630	1.143921	1.527906	1.732116	0.993246	1.475781	0.909696	2.276819	1.254706	1.809769	1.001159	1.295614	1.256686	1.121384	0.819647	0.441731	1.204558	2.149338	0.767674	1.585567	1.690167	2.268907	1.558035	2.191321	1.066918	0.621444	1.048911	0.808696	1.026050	0.550277	0.287730	1.145038	1.460139	2.421763	1.496604	0.930866	2.440056	2.702480	1.155114	0.317580	0.702322	0.700603	2.811726	1.541442	0.421739	1.397706	-0.056307	1.000000	-0.003210	1.205461	1.000000	4.142032	3.336413	-1.000000	-1.000000		
AAA	-2.625467	-1.739701	-1.179123	0.322266	0.869324	-1.864483	-0.937177	0.063231	-0.992852	-1.777897	-1.511644	-1.000347	-1.257512	-2.373219	-2.330953	-2.219200	-1.043932	-2.092228	-0.540306	-0.704275	-0.857224	-1.257503	-2.780219	-2.694954	-0.218189	0.185890	-0.540320	-3.918378	-2.013603	-1.738138	-0.261540	-2.464179	-1.440428	-3.161849	-1.604207	-1.681185	-1.615513	1.263191	-1.020309	-0.918598	-0.014052	-0.491383	-3.841597	-0.779602	-2.373543	-2.069459	-0.596866	-1.968266	-2.317596	1.000000	-1.321453	-1.587131	2.042971	0.465719	-1.659151	-2.197939	-3.152674	-0.873086	-0.263114	0.082987	-1.000000	0.534930	-1.000000		
CGG	-1.053695	0.504865	-0.571539	-0.670756	-1.432525	-1.453221	-1.937026	-2.451517	-3.054309	-0.065299	0.942943	-1.508228	-1.083508	-0.520508	-2.858656	-1.172023	-1.562085	-3.298856	-1.964376	-3.716370	0.450329	1.184990	0.272754	2.288135	1.000000	-0.551191	3.667104	0.776190	-0.303637	-1.705804	-2.108914	-2.847723	-1.460918	-0.002523	-0.473214	-0.158070	-1.654426	-0.679973	1.514637	-0.459320	-3.196305	-1.266038	1.815294	-2.431598	-0.546217	0.130204	-0.575439	0.721744	-1.340722	1.000000	-1.078680	-0.428735	-1.086166	1.251122	0.648355	-0.653748	-1.831032	-0.733675	1.000000	-0.724399	-1.000000	2.534746	-1.000000		
TGT	-0.405074	-1.578342	-2.558378	-2.306822	-0.981207	-4.214322	-2.052720	-0.651267	-1.751835	-0.881614	-1.119613	-2.022614	-1.615068	-1.787863	-1.264427	-0.584227	-1.209756	-1.285739	-0.531330	-3.220465	-0.236693	-0.899126	0.077748	-1.762157	-1.380383	-1.172611	-1.187480	-1.015199	-2.129253	0.211779	-0.385150	-1.816599	-2.268209	0.575617	-1.647807	-1.927214	-1.431930	-1.115103	-2.444260	-0.818428	-1.992235	-1.604518	-0.203793	-2.239207	-2.457156	-0.333586	-0.979820	-0.913061	-0.102912	0.056739	0.226967	-1.026654	-0.813029	-2.240601	2.041214	-0.060525	0.847074	-4.463762	-2.678410	-3.309126	-1.000000	-1.000000	-1.000000		
TCC	0.558630	0.634644	0.177802	0.459769	-0.180647	-0.396070	0.783687	0.432525	-0.271602	-0.958441	0.047840	0.008709	0.217990	0.838334	0.271999	0.342779	-0.392301	0.549219	-0.309449	1.091092	-1.034700	-0.016632	0.164585	0.570917	-0.221949	-1.381197	0.327830	0.848045	-0.470442	0.197515	0.086888	0.374975	0.713544	-1.156566	0.581981	-0.089641	0.286672	1.516414	0.344570	-0.253436	0.497768	-0.407238	-0.166316	-0.550976	0.838152	1.167712	0.647040	1.065607	1.167747	0.246801	0.283924	0.571186	2.018993	-1.111415	-0.831400	1.777733	1.169014	0.572879	0.380585	0.860503	-1.000000	-1.000000	-1.000000		
GTT	0.995490	1.432900	0.545423	0.897266	0.065272	4.268315	0.996572	0.493225	0.290643	1.285462	1.266020	1.835296	2.060437	1.475864	2.971957	0.990138	1.407323	-0.194416	0.268096	1.121681	1.929387	1.090513	1.505185	1.910816	0.906769	0.548433	1.125680	2.464280	0.662819	2.258708	1.734488	1.215066	1.743578	-0.148510	1.236102	1.501920	1.430917	0.245239	1.893243	0.281002	0.894229	0.791283	0.673795	1.412973	1.218796	1.335081	2.070939	1.715488	1.056802	0.740081	3.254590	0.495645	-0.300053	1.442591	1.181313	0.771540	0.934526	2.718040	0.879714	-0.221918	-1.000000	0.949906	-1.000000		
ATT	3.892917	-0.147868	1.023836	2.180891	0.180572	-0.165134	0.300927	1.343304	-0.264952	2.063336	1.405912	-1.482226	0.120140	2.256024	-1.724893	0.524034	2.077782	-2.588426	0.549252	-0.382293	-0.809905	1.523144	-1.692975	-1.379644	-0.380396	1.746623	1.477025	0.165172	-0.316137	-2.553244	-1.058894	1.215066	0.832317	1.506151	2.565393	2.347518	0.735282	1.533902	1.090002	0.992890	3.146877	2.053236	1.153123	-0.885353	0.200759	-0.895434	1.247971	1.065607	-2.902605	-0.983633	1.678436	1.085743	-1.126766	-0.141239	0.331789	0.944865	-1.567711	-1.337938	0.437215	-1.724580	2.751451	3.535012	-1.000000		
TGG	-4.154986	-3.371877	-1.293349	-1.159236	-1.132965	-1.466548	0.178265	-0.510529	-1.292382	-1.077484	-4.204912	-2.022731	-3.689315	-2.658274	-2.797216	-1.734381	-0.718201	0.752793	-0.683330	-0.086875	-3.693971	-2.461717	-2.490708	-2.814918	-0.778287	-1.695523	-3.927559	-4.283416	-1.576721	-2.243278	-3.553027	-1.182275	-3.367764	-6.409231	-3.121061	-2.310434	-0.443862	-1.059521	-1.318320	-2.333823	-0.765305	-0.935336	-4.451592	-0.431598	-4.721984	-2.658234	-3.638106	-3.653812	-0.027696	-1.791515	-4.932845	-1.120758	-1.863553	-0.181762	-2.981079	-3.675821	-2.863167	-0.256728	-3.485751	0.082987	0.635839	-1.000000	-1.000000		
CTA	1.344183	0.716302	0.419542	-0.523669	0.803044	0.110097	-1.562779	0.302739	0.273364	0.743430	-0.000856	0.791473	0.021933	0.869718	0.279513	1.678235	-0.272815	-1.035676	1.776171	0.426673	0.798107	1.100956	1.733912	1.147136	0.397355	-1.633474	0.737547	2.557873	1.625657	1.116055	0.010427	-1.221164	0.986647	4.386618	0.611453	0.801372	-1.654438	1.263434	-0.469920	0.858275	-1.216233	0.058250	2.137572	0.761019	-2.952011	-0.095423	0.325090	1.242653	2.504913	0.538587	0.465117	0.829914	0.962348	0.583602	1.620713	2.538888	2.793491	-0.753983	1.000000	0.720375	-1.000000	-1.000000	-1.000000		
GCC	0.625189	0.659141	-0.332075	-0.105549	-0.136056	0.074583	0.243420	1.546301	0.277700	0.666949	-0.057132	-0.215381	1.188992	-0.327408	-0.317397	0.301753	0.287155	-0.128847	0.259152	-0.147887	0.020557	-0.489822	0.333094	-0.450083	0.522728	0.900664	-0.296081	0.084380	0.986323	0.306463	0.249130	0.106605	-0.130873	-0.662198	0.968837	-0.838125	0.426467	1.454606	1.012024	0.420032	0.711605	1.060265	-0.729224	1.143374	0.047713	0.980277	-0.172408	-0.217212	1.146643	0.714201	1.316502	-0.093213	1.403159	1.625460	0.419714	0.180471	0.245575	-0.518903	1.000000	-0.212468	-1.000000	-1.000000	-1.000000		
TTT	-2.807355	-2.152025	-1.723505	-1.736450	-0.897506	-2.154386	-1.844128	-1.422179	-1.554411	-1.751337	-3.222373	-2.546323	-2.542745	-4.206219	-1.747769	-2.398076	-2.143468	-1.485668	-2.124263	-0.405751	-2.401566	-3.280124	-2.619869	-3.317931	0.158053	-1.551076	-2.667441	-2.294225	-1.254793	-1.397819	-1.496955	-2.184137	-3.194474	-3.473363	-3.740489	-3.725634	-1.566922	-3.865627	-1.598404	-2.018124	-0.309508	-1.403615	-4.320160	-1.069077	-2.328683	-0.908195	-2.543704	-2.243339	-2.902803	-0.703728	-2.943398	-2.463508	-2.726179	-0.245081	-2.872747	-1.197945	-2.305050	-0.981655	-0.619415	-0.502013	-1.000000	-0.371998	-1.000000		
ATA	0.766674	0.666867	0.455386	1.000000	-0.215673	2.249877	0.662323	-0.258745	1.667925	0.838812	0.950777	0.897729	0.985472	3.174417	0.613448	1.308028	-0.004927	1.034537	-0.383723	1.406260	0.966568	0.795333	1.445812	1.188632	0.426838	-0.358446	0.750054	1.314652	1.129840	1.307505	-0.539885	-1.110493	-0.651614	-0.208640	2.448297	1.016874	0.118238	-0.546122	-1.191094	-0.410929	-0.912972	-0.513249	1.502407	1.284426	1.583752	1.000000	1.309915	0.033393	1.370448	-0.437689	0.275433	-0.554324	0.358776	-0.879263	-0.673693	1.075024	-0.622459	-0.267365	-2.433225	0.690616	-1.000000	-1.000000	-1.000000		
GCT	1.324202	1.332190	1.008416	0.377580	0.022754	2.638704	-0.107044	-0.081179	2.031989	-1.084287	1.355937	0.428506	1.709094	1.450819	0.989420	1.170704	1.232748	0.984174	1.277154	2.601118	1.200228	0.363983	1.541654	2.610494	1.606617	-1.872830	1.324595	1.369792	0.502748	1.361820	1.028105	0.437737	2.197647	1.143652	1.013283	0.729685	0.046024	1.077594	-0.432085	-0.265241	-0.410472	0.536592	0.687049	0.252851	1.924051	1.462997	2.467970	1.444883	3.319715	-0.176599	2.480634	-0.954122	1.493864	0.525943	1.081408	2.060733	-0.143517	0.876327	-0.093342	1.122458	-1.000000	1.534930	-1.000000		
GAT	-0.870720	0.112947	1.109543	1.136070	1.208775	0.901377	1.062869	1.568786	0.996393	1.285883	1.445568	0.965212	-0.893695	1.353879	0.114595	0.047140	1.321146	1.445415	1.050618	-2.064277	0.645377	0.902346	1.389634	1.070162	1.382017	0.863962	-0.559478	0.623419	0.804151	-0.247653	0.863304	-0.176522	1.933445	0.167384	0.915617	1.399448	1.338316	0.400880	1.386450	0.810252	1.282657	1.181378	1.058373	0.145636	0.108256	0.621000	1.978468	-1.637504	0.760340	0.267614	2.116464	0.654589	1.158747	-0.696488	-1.308680	-1.520031	0.639607	0.172899	-0.848262	2.234887	-1.000000	-1.000000	1.821992		
CCG	1.811996	0.028945	-0.784849	0.801545	0.668834	-0.692630	-1.937026	-1.766812	-0.947327	1.549459	0.253353	-0.625829	0.907934	1.805311	0.378865	0.381860	-1.272815	-1.919811	-0.449692	-2.841867	-0.530068	1.756253	-0.458367	-1.117324	-0.308631	-0.310072	0.870440	-0.074090	0.490680	-1.705868	-0.155886	-1.241593	0.049192	0.546610	1.725079	1.191911	-0.078315	-0.140972	-0.795346	-0.755885	-1.459193	-0.481667	0.703522	0.876477	2.039626	2.120754	2.433552	1.551245	-3.947191	-3.928579	1.082555	0.030639	-0.114674	1.836126	0.733174	1.786832	-5.268209	-2.036784	-1.803825	-2.502160	-1.000000	-1.000000	-1.000000		
AGC	-1.077215	-2.946096	-1.092041	-2.817546	-0.033316	-0.783382	0.162389	-0.750311	-0.095911	0.856355	-0.807102	0.109734	-1.578404	0.062856	-0.861540	2.050956	-0.644731	1.016004	-0.565922	-1.053168	-2.898856	-1.498465	0.467664	-0.182508	-1.581098	-0.346664	-1.841079	-0.647773	0.067108	-2.345153	0.129625	-0.751451	-0.485946	-2.303859	-0.326029	-1.202056	0.202542	-2.136623	-0.516310	-0.863386	-0.769879	-0.941750	1.370927	-0.239134	-0.709557	-0.044439	-1.333816	-1.634504	-0.372144	-0.641573	0.665546	-0.836286	0.528633	-2.070740	-1.630694	-1.920556	-1.316495	-3.081359	0.437215	-0.502069	-1.000000	-1.000000	-1.000000		
CTC	0.518254	0.001338	1.617577	1.223645	0.678773	1.000000	1.090285	2.953793	2.212287	-0.211890	1.488413	1.238915	1.249711	-0.100018	1.511679	-1.166422	0.517283	-1.035736	0.819191	-0.232973	0.763405	1.400513	-1.132579	1.018797	1.304052	2.709442	1.016738	1.065758	-0.463292	2.446192	1.381514	1.689755	2.625805	-1.803912	0.458781	0.926452	1.031787	0.860290	0.867694	0.473607	2.403661	0.681433	-0.560271	1.433403	-0.399740	-1.025580	1.670959	0.981895	-0.594389	2.028842	2.924339	1.371140	2.476144	-0.033532	1.793487	-0.862464	1.905951	0.818226	-0.263260	0.234972	-3.321928	-1.000000	-1.000000		
CGC	-0.901164	-0.247413	-1.555263	-1.509284	0.027157	-1.370695	-1.837611	-0.725325	-1.230129	-1.257024	-2.202400	-1.037473	-0.833586	-1.035700	-0.259064	-0.042139	-1.441568	-3.228537	-0.021530	-3.078978	-1.201787	-0.992201	-0.325887	-0.872878	0.444464	-0.136038	0.251949	-0.432465	-0.039699	-0.308961	-0.434541	-1.332852	-1.193319	1.546610	-0.503422	-0.755074	-1.430710	-0.510112	-0.572890	0.262181	-1.528625	-0.962604	0.474266	-1.480054	-0.412879	-1.011234	-0.489760	-0.211976	-1.228817	-0.194360	-1.036989	1.378530	0.558875	0.168531	3.071252	-0.359800	1.671518	-1.745366	1.000000	-0.501977	-1.000000	1.704846	0.684501		
AAC	-0.713790	-0.181353	1.083934	0.103694	-0.682382	2.041354	1.492821	-0.434227	0.463906	-0.565756	0.716998	0.281108	-0.175089	-0.602203	0.836386	1.359261	0.587837	1.291022	0.991454	2.295765	0.365213	0.183363	0.019163	0.918784	1.348255	-2.339453	-0.295491	0.744135	-0.254669	-0.040500	-0.225278	1.635854	3.364048	-0.593260	0.945801	0.717291	0.530143	-2.058441	1.607746	0.999146	-0.192119	-0.178288	1.519914	2.130264	1.097144	-0.338764	-0.390416	0.772334	-0.061318	0.190507	-1.193431	2.030582	-0.361137	1.763026	-1.123098	0.619140	-1.133092	1.580536	1.594818	0.761003	1.751305	-1.000000	-1.000000		
GTG	-1.385478	0.650457	0.053086	0.616879	0.661527	-1.393079	-0.310623	-0.252284	-1.151458	-1.239444	0.747285	0.220104	-0.668255	-0.871109	-0.379840	0.044909	-0.030692	-1.311304	-1.369945	-1.282325	0.990879	-0.413719	-0.269216	0.185391	-0.406331	-0.421738	-0.875265	0.274747	-1.254786	-0.571897	-0.704139	-0.936850	-0.154888	-0.553776	-0.716799	0.175544	-1.080016	0.242713	-0.305395	-0.007110	-0.281919	-2.101055	-0.082497	-0.239052	-0.928509	-0.918071	1.079935	0.721744	-0.428786	-0.018703	-0.212921	2.173453	2.059154	1.303616	0.889006	-1.704950	-0.065448	-0.036782	1.000000	-0.279497	-1.000000	-1.000000	1.821992		
CAC	-2.218717	0.676008	-0.639320	1.017869	-0.471158	-0.565236	-0.211801	-0.244852	1.184549	1.118357	-1.858488	0.915868	0.025525	-1.336095	-0.326563	0.120294	1.070288	1.212197	-1.199492	1.328158	-0.009253	-1.588714	1.253046	0.247175	1.758792	1.033853	-2.208524	0.214846	1.993292	-0.460726	-0.181849	0.442782	-1.519785	-2.487803	0.308218	-1.389958	0.082511	-3.380439	0.290114	1.129030	0.179459	-0.477579	-1.586606	-0.239032	-0.952254	2.511644	-1.160401	-1.483036	0.542165	-1.448918	-2.086531	-1.809855	-1.101755	-0.018372	-1.848733	-0.502917	-0.094049	1.622641	-1.585241	0.699638	1.014310	1.212965	-1.000000		
TTG	-0.669244	0.814045	0.049214	-0.780928	-1.645823	0.157603	2.775567	-0.248666	-0.419428	-0.475391	-0.401500	-1.537254	-1.262752	0.589852	-1.472885	-0.064703	0.339600	1.036189	-0.630246	1.253400	0.128361	0.260086	-0.570701	-1.521054	-0.563272	-4.357911	-1.059567	-1.237617	0.482280	-0.321123	-0.885103	1.262558	0.443193	-2.426107	1.529993	-0.895633	-0.221434	-1.058486	-1.020309	-1.198820	-0.157762	-0.752822	0.303057	-0.238981	0.891905	-0.073402	-0.937893	-0.525439	0.380310	-0.598718	-1.673881	0.201248	-0.030887	-0.433328	-0.695599	-0.082539	-0.810619	-0.607908	0.321669	0.497957	-1.000000	-1.000000	0.336555		
GTA	0.097480	0.976256	2.717179	0.495994	0.727111	3.188148	1.325845	1.050329	1.198516	1.006477	0.848996	1.705236	0.296270	1.056223	0.187188	1.475520	1.300200	1.530606	2.164022	1.933467	0.213238	0.932785	0.136714	3.361424	1.760567	-1.773468	0.983098	1.158148	1.093160	2.043133	3.767564	1.248599	0.353174	-0.112473	0.576414	1.055656	1.332240	0.263348	0.523917	1.362609	2.036451	0.883863	0.497868	0.166932	2.509368	0.554663	0.819070	0.731420	2.702276	2.016103	1.263410	1.407671	1.015481	1.597734	1.376414	0.284725	2.769900	0.674903	1.000000	1.436629	-1.000000	-1.000000	-1.000000		
GCG	1.442351	-1.078276	0.440863	-1.147837	-1.838511	0.040595	0.153784	-0.662589	-0.120482	-1.630948	-0.582081	-1.437706	-0.258375	-0.184177	-0.467050	0.046337	0.210337	1.258174	-0.381190	0.930805	0.155857	-0.906519	-0.087232	-1.281305	-0.897078	-0.644232	-0.421917	-0.738277	-0.915934	-0.099658	-1.161373	0.491123	-0.139594	-0.658956	-1.116021	-0.131812	-0.570382	-0.888664	-1.171845	-1.318784	0.344161	-0.685469	-1.267872	0.041046	0.569628	0.730315	-1.015955	0.336196	0.893243	-0.715996	-0.473564	-0.134632	-1.793266	0.481030	-0.249309	1.846330	-0.309719	0.481097	-0.861140	1.424011	1.876844	-1.000000	-1.000000		
GCA	1.393463	0.703128	-0.474159	1.380452	1.197119	0.351127	0.247286	0.980759	-0.068945	0.137480	0.548732	0.818586	1.371398	0.745695	2.768508	1.039525	0.592300	-0.090753	1.017156	1.117522	0.014709	0.473568	1.533688	0.615720	0.830131	1.149364	1.184802	1.144732	0.272506	1.643344	1.513377	0.272930	0.487792	2.345425	0.893760	0.893257	2.775128	1.895669	0.262461	1.196018	1.743430	0.634233	1.231256	1.760971	2.039626	2.876686	0.547504	1.461014	1.000000	0.750042	0.552009	1.861836	0.830592	0.378732	1.297377	1.338034	1.000000	2.298136	0.260244	-0.054574	-1.000000	-1.000000	-1.000000		
ATC	-2.455784	-3.185677	0.446419	1.518618	0.143286	1.216998	-0.714820	-0.171490	1.000000	-1.578418	0.211622	0.562349	-1.350109	-1.658147	-0.938438	-1.464739	0.481881	-1.883704	-1.808859	-0.493817	-1.893635	0.685739	-1.954415	-1.569687	-0.535652	-0.773415	-1.875265	-1.689670	-1.740228	-1.068370	-1.393015	-1.933790	-0.232559	-3.414876	-2.036713	-0.363001	-0.276171	-0.795645	-1.573028	-1.111484	0.649850	0.049150	-3.451592	-1.949545	-2.052256	-2.291912	1.132698	-1.791690	-3.265574	-2.791095	-0.736253	-0.039650	-1.776137	-1.351787	-3.911357	-2.782829	-2.737636	-0.065731	1.000000	1.820104	4.336435	-1.000000	-1.000000		
CGA	2.833637	0.860078	1.552733	0.468130	0.656213	2.719837	0.335938	0.992099	1.694471	1.559918	1.884826	1.584615	2.819766	2.315441	3.671154	1.100923	2.012682	0.247240	2.962919	0.273628	3.450095	2.325241	1.330140	1.418108	0.227318	-0.850767	-1.330304	2.599042	0.804151	2.441670	1.438570	1.640338	1.687758	1.899756	2.633780	2.586384	0.793665	1.967005	0.164052	0.763150	2.472017	2.177313	1.297231	-0.484115	1.278305	0.017430	1.542322	1.407106	1.945354	1.475527	1.420568	-0.651199	0.617467	-0.949293	0.664544	1.321328	2.628411	-0.911221	-0.147740	-0.765050	3.166402	-1.000000	0.336555		
GGC	-0.781200	0.613312	1.193023	1.826090	2.845188	0.570704	1.226791	1.129395	-0.419428	1.467320	0.699917	0.288858	0.679514	0.899982	0.251719	-0.276596	-0.185285	0.586283	1.174646	0.176104	0.353342	0.992009	1.153842	0.830434	0.746387	1.198927	1.156224	-0.685360	0.745260	-0.135484	-0.312598	3.000658	0.606207	-1.315815	0.432362	0.830403	0.300760	1.150952	3.109009	0.536913	1.023227	0.140773	1.203547	3.461280	0.310804	0.436830	0.253161	1.739946	-1.257199	2.895411	1.056944	0.949726	1.322247	0.853695	1.000000	-0.695639	-0.246070	2.567198	-0.040856	0.404875	-1.000000	-1.000000	1.000000		
CGT	0.428649	-0.604279	0.197129	0.502136	-0.290981	0.165155	-1.352016	-0.766923	1.000000	-2.972801	1.125856	1.531875	0.317836	-0.520567	0.522286	-1.575840	-0.628855	-3.989941	-0.105085	-2.356440	0.030379	0.705000	-0.836189	-0.771602	-0.066783	-1.676507	-0.418701	-0.192055	-1.477155	2.473026	3.071940	-0.995899	1.421103	-0.248706	0.089156	1.371151	-1.774738	-0.031084	-1.544925	-0.141821	-0.639656	-0.970684	-0.387617	2.404704	0.159979	-0.750952	1.484309	-0.400186	1.695667	1.391980	1.000000	-0.890450	0.875860	0.525873	0.318160	-0.718816	1.391359	-1.874642	-1.848143	-3.086697	-1.000000	0.949999	-1.000000		
TAC	1.866217	0.814139	0.958365	-2.066164	0.839565	1.572727	0.247286	0.771007	1.690770	2.396461	0.937390	0.839773	-0.262681	1.548720	0.143170	2.135395	0.502900	2.487917	0.273582	0.617743	0.535061	1.017347	2.856539	1.932034	-0.602760	0.403161	0.727280	1.919995	1.849535	-0.898500	0.462411	0.334641	1.316559	1.766006	0.714010	1.037617	0.256374	0.061199	0.064543	-0.274824	-0.688616	0.548742	2.050794	1.166932	0.986262	1.222189	3.000746	0.100638	-0.548938	0.456662	2.506282	-1.031079	0.395918	-0.181891	-0.611872	0.852648	-0.209584	-1.964880	-0.324685	-0.823959	-1.000000	-1.000000	1.558981		
ACC	-0.187222	-1.501652	-0.038942	1.000000	-0.246153	-0.612613	2.032730	0.989170	0.130326	1.872350	-0.179107	0.988504	-1.695010	1.429161	0.915195	-1.056443	0.936726	2.477132	-0.808911	0.084244	0.575710	0.495175	0.206817	0.445518	1.899865	0.972416	0.237762	-0.343166	1.025535	-0.968711	0.698483	-1.181211	-1.636245	-1.358740	1.912978	0.046763	1.166562	2.641673	0.854860	-1.004420	0.726472	0.398599	0.808786	0.876477	-1.566419	1.000000	-1.011943	-1.376708	1.320023	0.530596	-0.040475	0.156235	2.439897	-0.044196	-0.659273	-1.461173	-0.674971	-0.530515	0.643745	-1.501798	-1.000000	-1.000000	-1.000000		
CCT	2.236788	-0.690773	2.321229	-0.080860	0.148285	2.556092	-0.052718	1.687553	2.784091	0.351468	0.697049	3.021001	-0.109924	-0.480489	0.079666	-0.772684	4.040920	0.023304	0.123997	0.591134	0.678994	2.733073	-1.954363	3.052241	1.000000	-0.551076	2.880963	1.907420	0.114476	0.232773	1.614551	0.326187	2.316732	1.170772	-0.730162	3.402669	1.223284	1.367943	0.520231	-0.111272	0.167575	1.223985	0.227767	0.983384	-1.482738	-1.451044	1.000000	0.385887	-1.265126	0.115498	1.000000	-0.281996	-0.937419	-0.815758	-1.563293	-0.198103	2.338881	-0.366849	0.437215	-0.501981	-3.321928	-0.050033	-1.000000		
ACT	0.924970	0.871636	0.920423	2.789181	-1.286062	0.028399	1.062903	0.763740	1.000517	1.266669	-0.018616	0.874583	0.977439	4.033569	0.788503	-1.327186	1.897246	1.017233	-0.394625	-0.076457	-0.044034	0.403445	1.559513	2.121709	1.707122	0.033887	0.326633	0.145496	2.043027	-0.042802	1.479335	0.796387	-0.324820	-0.245382	1.142915	1.659824	0.318178	1.774361	-0.309809	0.287264	-0.692536	0.428246	1.548240	0.805361	0.915638	2.676694	1.020246	0.752721	0.599849	2.041536	1.401000	-0.853751	0.822915	0.416807	2.142835	2.194396	0.847074	1.633151	-2.941190	0.690616	-1.000000	5.119729	-1.000000		
TTC	0.129239	2.685908	0.891225	3.121567	0.512012	0.420632	0.607050	-0.614737	1.498207	3.046072	0.488413	1.818348	1.594739	2.639244	0.521024	2.325554	0.390136	1.771781	0.583384	1.112412	0.865241	-0.327848	2.389787	1.137748	1.060312	0.127067	-1.057375	1.593170	1.978016	0.274048	0.467590	0.951127	2.124179	1.484807	1.138684	0.911681	0.655871	0.029024	-0.087503	-0.575242	-0.122912	0.258014	2.786994	0.023957	1.973517	1.000000	0.440424	0.067821	1.466792	-0.791279	1.941633	0.621804	-0.776137	-0.111495	0.188822	-0.612725	-1.760676	0.708437	1.380685	2.820104	-1.000000	-3.321928	-1.000000		
AAG	1.091600	1.738385	1.419433	2.639640	-0.463871	2.649912	-0.375393	-0.641353	0.913171	-0.699900	1.201120	1.705254	1.209281	2.711030	1.544878	-0.080862	0.634211	-0.588234	-0.786142	-1.034414	1.360119	-0.998681	0.502709	1.107608	-0.035692	0.448912	-0.478583	1.776320	1.001520	1.031166	4.171054	0.959954	0.767305	1.244936	1.500517	2.228443	-0.391377	-0.090714	-0.494906	-1.218201	-0.874207	-1.058055	-0.835049	0.008916	0.310722	1.505397	2.199503	-0.525439	1.027054	-0.720898	0.619656	-0.297614	-1.000098	-0.345402	-0.308710	0.761349	0.563241	0.510174	-0.619415	-1.501926	-1.000000	-1.000000	-1.000000		
TAT	3.753079	-1.213691	-0.708530	0.074511	-0.797970	0.600578	0.647655	1.385213	1.819987	0.614575	2.288059	0.270049	1.730026	-0.840957	0.678813	0.601545	1.752817	-0.167830	-0.371741	1.782788	0.865432	0.902346	0.126817	-1.711596	-0.739260	-1.966160	1.000000	-1.402992	1.067370	1.391062	-0.058834	-0.283505	1.053559	0.433272	0.921255	1.502880	0.241049	0.319933	-0.617388	0.589245	0.929040	0.746931	-2.424251	-1.046406	-1.639514	0.274717	2.199871	0.348464	-1.108971	-1.865366	-1.058419	-0.378196	-1.278732	-2.165009	-1.489148	0.801979	-0.345559	-0.981588	0.196175	-1.502096	-1.000000	-1.000000	3.684511		
GGA	1.483045	-0.724825	1.825986	0.616879	1.458453	0.998822	2.438650	0.293525	1.746212	2.866121	0.520093	2.352347	0.679514	1.020191	2.326874	2.276642	1.752817	3.739114	2.946390	1.000000	-0.134700	0.281493	1.000000	0.553891	-0.629680	2.908194	-0.020427	1.784771	2.067338	0.346668	1.356027	1.535811	0.091578	-0.933075	1.506217	1.361744	1.193680	-0.251231	1.765036	2.246334	2.724874	0.365869	1.000000	-0.569235	-0.721650	0.750175	0.494917	-0.004519	2.097538	0.208599	1.748711	1.851551	-0.010183	-1.410745	-0.831400	0.609512	2.056507	0.655789	1.196274	2.556815	-1.000000	-1.000000	-1.000000		
CTT	1.129134	-2.067662	0.549733	-2.938526	1.383924	-0.921686	-0.185066	2.586786	-1.253995	1.257785	-2.096680	-0.115786	-1.279849	-0.113559	0.456616	-1.621428	0.376336	-0.136236	0.060805	-1.189808	-2.424191	-1.314173	-0.575143	-0.529983	-1.380383	0.734280	-0.937946	-1.594869	0.377483	-1.771345	0.688314	-1.336512	-2.543144	-1.322754	-0.355207	-1.093446	0.345480	1.641522	1.192709	-0.338802	-0.524379	-0.927381	0.248607	0.635490	-0.743721	-2.230217	-1.215383	-0.868232	-1.561532	-0.247054	-1.951485	-1.127662	0.994379	-2.018127	0.340727	-0.856937	0.583956	-0.589773	1.000000	-0.309452	3.658249	-1.000000	3.822002		
CCC	0.184796	1.051055	0.137800	-0.653515	0.161532	-1.401820	0.416578	0.715177	-1.180027	0.524777	-0.459083	-0.766460	-0.606899	0.906705	-0.882021	-0.557848	1.597463	-0.673288	0.103123	-2.204534	-0.739989	0.451424	0.389638	-0.697383	-1.995217	-0.703042	0.031566	0.593379	2.067242	-0.302835	-1.210446	-1.174555	-2.943792	0.534490	0.117626	0.170504	-1.491089	0.641908	-0.494977	-1.236952	-0.242931	-0.881768	1.581569	-2.239023	-0.335535	-0.210887	-1.745289	-1.020472	1.353742	0.813611	0.952730	-0.403322	-0.562488	-0.333841	0.746750	0.489942	0.482683	-2.688622	1.000000	-1.239087	-1.000000	-1.000000	2.558862		
TCT	0.769679	-0.114223	0.262676	-1.268265	0.009487	-0.956335	-0.107182	-0.159158	-1.190708	-0.040931	0.829381	-0.215339	0.068543	-0.564877	-1.280350	1.576188	-0.325224	-0.968530	-0.223896	-0.960429	2.575578	1.061093	2.090318	-1.280091	-1.289696	-1.898926	1.423383	-0.357242	-0.901055	-0.290762	-1.659825	-0.511059	0.260562	1.587363	-0.498424	-0.630594	0.667546	-0.184130	0.081536	-0.324643	0.011326	0.403743	-0.593685	-1.376568	-0.741190	-0.861434	-0.022788	2.067650	-1.487617	0.066656	-2.251151	1.000000	-1.056386	-0.803507	1.063282	-1.676172	-1.960448	-1.659606	0.906758	-1.502096	1.812710	-1.000000	-1.000000		
GGG	1.603184	1.000000	1.000000	0.688483	-1.353288	-2.620571	-1.521612	0.384753	-0.042862	1.958773	-1.392242	-0.853002	-1.320281	2.757474	-0.527619	1.000000	0.399700	1.000000	1.506760	1.742720	-0.787239	-0.150684	0.541768	-0.110816	1.000000	1.000000	1.516421	-2.616450	1.915239	-6.195812	0.072325	-1.462858	1.316948	-0.763001	0.074848	0.859168	1.000000	-0.598906	-1.894865	-0.467701	0.453453	2.641238	1.000000	1.000000	0.567488	-1.947871	1.062244	-1.353609	-3.321928	-3.793089	-0.058537	-1.329074	-4.449232	1.583350	-3.589383	1.000000	-2.152674	-1.714561	0.544173	1.000000	-3.321928	-3.321928	-1.000000		
AGA	-1.326584	-6.078895	-4.308339	-2.440920	-2.990615	-4.519916	-3.106085	-2.843458	-2.087049	-2.555304	-2.588241	-5.606637	-4.044612	-1.041409	-1.812900	-2.175002	-2.102923	-2.035962	-3.490366	-2.426857	-3.595078	-2.221114	-5.779525	-5.307558	-7.184916	-0.328839	-2.187286	-5.076781	-2.129301	-5.681238	-5.035518	-4.787481	-3.131277	-2.422411	-2.799750	-1.025158	-0.888117	-2.835695	-2.987504	-2.695985	-3.447878	-1.645846	-1.644542	-2.561135	-3.356888	-5.117796	-2.774569	-1.423865	-5.486127	-6.378228	0.848710	-3.721358	-6.184078	-2.504248	-3.812707	-1.198139	-4.474602	-2.436872	-0.455827	-3.202223	2.014310	-1.000000	3.336616		
AGG	-1.000000	-1.000000	-1.000000	-1.000000	-1.000000	-1.000000	-1.000000	-1.936516	-6.202685	-6.952892	-6.142241	-7.481106	-1.000000	-1.000000	-1.000000	-8.384686	-1.000000	-1.000000	-1.000000	-2.841929	-1.000000	-1.000000	-1.000000	-1.000000	-1.000000	-1.000000	-1.000000	-7.136334	-4.712344	-6.195812	-1.000000	-1.000000	-1.000000	-1.000000	-1.000000	-1.000000	-6.292782	-1.000000	-1.000000	-5.433794	-1.000000	-5.948986	-1.000000	-1.000000	-8.664781	-1.000000	-1.000000	-1.000000	-1.000000	-1.000000	-7.064309	-1.000000	-1.000000	-1.000000	-1.000000	-1.000000	-5.960029	-1.000000	-1.000000	-1.000000	2.751327	1.949968	-1.000000		
TAA	-1.000000	-6.571653	-1.000000	-4.220330	-1.000000	-1.000000	-1.000000	-1.000000	-1.000000	-1.000000	-1.000000	-1.000000	-1.000000	-1.000000	-3.811049	-1.000000	-1.000000	-4.618709	-1.000000	-4.649239	-1.000000	-1.000000	-1.000000	-1.000000	-6.506892	-1.000000	-1.000000	-6.033943	-1.000000	-1.000000	-1.000000	-5.629883	-1.000000	-1.000000	-1.000000	-1.000000	-1.000000	-1.000000	-1.000000	-1.000000	-1.000000	-1.000000	-1.000000	-1.000000	-7.179287	-1.000000	-1.000000	-1.000000	-1.903117	-1.000000	-5.643381	-3.821367	-6.447083	-1.000000	-2.812940	-2.197141	-1.000000	-2.495918	-1.000000	-3.501798	2.336326	0.727601	-1.000000		
TGA	-4.133210	-1.000000	-7.116697	-2.803490	-7.413514	-1.000000	-1.000000	-1.000000	-1.000000	-1.000000	-1.000000	-5.343741	-1.000000	-1.000000	-1.000000	-1.000000	-1.000000	-1.000000	-1.000000	-1.000000	-5.595177	-1.000000	-1.000000	-1.000000	-7.769905	-1.000000	-1.000000	-5.934674	-1.000000	-1.000000	-4.770279	-1.000000	-1.000000	-1.000000	-1.000000	-1.000000	-1.000000	-1.000000	-1.000000	-5.696794	-1.000000	-7.534040	-1.000000	-1.000000	-1.000000	-3.321928	-1.000000	-1.000000	-1.000000	-1.000000	-1.000000	-1.000000	-8.385670	-1.000000	-1.000000	-1.000000	-1.000000	-1.000000	-1.000000	-1.000000	-1.000000	-1.000000	-1.000000		
																																																																	
